%!!
%!!  1998 Atmospheric delta 14C and radiocarbon ages from:
%!!
%!!  M. Stuiver, P. J. Reimer, E. Bard, J. W. Beck, G. S. Burr,
%!!  K. A. Hughen, B. Kromer, F. G. McCormac, J. v. d. Plicht 
%!!  and M. Spurk. INTCAL98 Radiocarbon Age Calibration, 24,000-0
%!!  cal BP. Radiocarbon 40, 1041-1083 (1998).  
%!!
%!! Time is given in kilo-years before 1950.
%!!
%!!
% Age           Delta 14C  
%                per mil  
-0.0050		-0.6000
0.0050		-22.9000
0.0150		-17.8000
0.0250		-14.2000
0.0350		-9.5000
0.0450		-4.6000
0.0550		-3.5000
0.0650		-4.8000
0.0750		-5.6000
0.0850		-4.5000
0.0950		-3.7000
0.1050		-1.8000
0.1150		-0.5000
0.1250		2.6000
0.1350		2.8000
0.1450		-2.0000
0.1550		-6.5000
0.1650		-7.1000
0.1750		0.1000
0.1850		0.9000
0.1950		3.8000
0.2050		4.1000
0.2150		6.8000
0.2250		12.9000
0.2350		16.6000
0.2450		16.6000
0.2550		16.5000
0.2650		14.8000
0.2750		11.7000
0.2850		8.2000
0.2950		5.4000
0.3050		3.3000
0.3150		-0.6000
0.3250		-2.4000
0.3350		-3.4000
0.3450		-3.9000
0.3550		0.4000
0.3650		2.5000
0.3750		4.1000
0.3850		5.7000
0.3950		8.0000
0.4050		10.3000
0.4150		12.7000
0.4250		11.4000
0.4350		8.8000
0.4450		9.7000
0.4550		11.3000
0.4650		9.9000
0.4750		8.4000
0.4850		8.4000
0.4950		9.5000
0.5050		7.7000
0.5150		2.7000
0.5250		0.9000
0.5350		-0.4000
0.5450		-2.9000
0.5550		-6.5000
0.5650		-10.0000
0.5750		-12.8000
0.5850		-6.9000
0.5950		-5.8000
0.6050		-1.2000
0.6150		3.8000
0.6250		-0.1000
0.6350		-0.5000
0.6450		0.3000
0.6550		-6.1000
0.6650		-8.7000
0.6750		-13.9000
0.6850		-13.5000
0.6950		-15.7000
0.7050		-14.7000
0.7150		-14.9000
0.7250		-12.5000
0.7350		-15.9000
0.7450		-18.0000
0.7550		-14.9000
0.7650		-16.6000
0.7750		-16.2000
0.7850		-13.2000
0.7950		-19.4000
0.8050		-21.9000
0.8150		-14.1000
0.8250		-13.8000
0.8350		-16.3000
0.8450		-15.3000
0.8550		-13.2000
0.8650		-9.8000
0.8750		-6.8000
0.8850		-7.3000
0.8950		-6.8000
0.9050		-5.5000
0.9150		-8.6000
0.9250		-9.8000
0.9350		-16.3000
0.9450		-13.4000
0.9550		-16.0000
0.9650		-16.0000
0.9750		-19.6000
0.9850		-18.0000
0.9950		-19.8000
1.0050		-18.4000
1.0150		-19.1000
1.0250		-17.9000
1.0350		-12.1000
1.0450		-10.3000
1.0550		-13.9000
1.0650		-18.2000
1.0750		-18.3000
1.0850		-17.4000
1.0950		-17.3000
1.1050		-16.3000
1.1150		-13.0000
1.1250		-13.2000
1.1350		-12.1000
1.1450		-11.8000
1.1550		-12.0000
1.1650		-6.2000
1.1750		-13.4000
1.1850		-15.7000
1.1950		-16.7000
1.2050		-12.1000
1.2150		-8.8000
1.2250		-8.3000
1.2350		-10.2000
1.2450		-10.6000
1.2550		-6.4000
1.2650		-11.1000
1.2750		-11.3000
1.2850		-11.6000
1.2950		-17.1000
1.3050		-17.8000
1.3150		-21.6000
1.3250		-18.3000
1.3350		-20.5000
1.3450		-18.7000
1.3550		-23.1000
1.3650		-20.5000
1.3750		-20.0000
1.3850		-18.3000
1.3950		-20.3000
1.4050		-17.3000
1.4150		-22.3000
1.4250		-24.7000
1.4350		-21.8000
1.4450		-21.2000
1.4550		-19.5000
1.4650		-18.7000
1.4750		-16.0000
1.4850		-16.3000
1.4950		-16.0000
1.5050		-12.8000
1.5150		-13.8000
1.5250		-17.3000
1.5350		-19.1000
1.5450		-20.1000
1.5550		-20.0000
1.5650		-20.2000
1.5750		-22.4000
1.5850		-18.3000
1.5950		-18.3000
1.6050		-17.0000
1.6150		-20.1000
1.6250		-18.4000
1.6350		-22.5000
1.6450		-21.2000
1.6550		-15.3000
1.6650		-17.1000
1.6750		-11.4000
1.6850		-8.9000
1.6950		-15.0000
1.7050		-14.1000
1.7150		-18.1000
1.7250		-17.5000
1.7350		-17.9000
1.7450		-18.6000
1.7550		-16.6000
1.7650		-13.9000
1.7750		-13.9000
1.7850		-13.7000
1.7950		-11.6000
1.8050		-9.9000
1.8150		-9.1000
1.8250		-15.2000
1.8350		-15.6000
1.8450		-14.4000
1.8550		-10.0000
1.8650		-11.2000
1.8750		-13.4000
1.8850		-14.4000
1.8950		-14.0000
1.9050		-16.8000
1.9150		-10.8000
1.9250		-13.7000
1.9350		-15.1000
1.9450		-11.9000
1.9550		-17.8000
1.9650		-11.5000
1.9750		-14.0000
1.9850		-9.9000
1.9950		-13.6000
2.0050		-15.5000
2.0150		-15.8000
2.0250		-13.9000
2.0350		-10.9000
2.0450		-13.1000
2.0550		-11.8000
2.0650		-11.9000
2.0750		-12.9000
2.0850		-9.4000
2.0950		-8.0000
2.1050		-7.6000
2.1150		-7.3000
2.1250		-10.4000
2.1350		-10.9000
2.1450		-7.0000
2.1550		-12.6000
2.1650		-15.4000
2.1750		-8.5000
2.1850		-14.2000
2.1950		-11.9000
2.2050		-9.1000
2.2150		-13.8000
2.2250		-8.9000
2.2350		-7.6000
2.2450		-3.8000
2.2550		-1.9000
2.2650		-1.2000
2.2750		4.1000
2.2850		5.3000
2.2950		6.0000
2.3050		1.8000
2.3150		-1.1000
2.3250		0.5000
2.3350		-2.0000
2.3450		-5.0000
2.3550		-12.1000
2.3650		-17.7000
2.3750		-15.0000
2.3850		-15.7000
2.3950		-11.5000
2.4050		-13.4000
2.4150		-10.5000
2.4250		-7.0000
2.4350		-8.5000
2.4450		-6.7000
2.4550		-6.0000
2.4650		-4.8000
2.4750		-7.7000
2.4850		-3.7000
2.4950		-7.9000
2.5050		-7.1000
2.5150		-7.2000
2.5250		-5.8000
2.5350		-1.9000
2.5450		-4.0000
2.5550		-3.9000
2.5650		-0.5000
2.5750		0.2000
2.5850		2.4000
2.5950		5.1000
2.6050		7.5000
2.6150		6.4000
2.6250		3.2000
2.6350		10.5000
2.6450		12.5000
2.6550		15.1000
2.6650		16.0000
2.6750		18.1000
2.6850		19.4000
2.6950		20.4000
2.7050		21.7000
2.7150		12.7000
2.7250		13.9000
2.7350		14.0000
2.7450		10.3000
2.7550		3.5000
2.7650		2.6000
2.7750		2.8000
2.7850		-2.4000
2.7950		-3.2000
2.8050		-1.5000
2.8150		-0.9000
2.8250		0.5000
2.8350		4.7000
2.8450		3.5000
2.8550		0.1000
2.8650		1.2000
2.8750		-1.0000
2.8850		-0.6000
2.8950		-1.9000
2.9050		-0.3000
2.9150		5.8000
2.9250		1.5000
2.9350		2.5000
2.9450		4.8000
2.9550		1.2000
2.9650		1.1000
2.9750		1.0000
2.9850		2.7000
2.9950		3.3000
3.0050		0.6000
3.0150		3.5000
3.0250		4.1000
3.0350		5.0000
3.0450		5.5000
3.0550		8.7000
3.0650		7.9000
3.0750		9.6000
3.0850		1.0000
3.0950		9.2000
3.1050		8.4000
3.1150		7.9000
3.1250		8.3000
3.1350		15.6000
3.1450		8.5000
3.1550		16.0000
3.1650		10.7000
3.1750		9.3000
3.1850		13.0000
3.1950		16.7000
3.2050		17.7000
3.2150		10.6000
3.2250		12.3000
3.2350		16.7000
3.2450		14.6000
3.2550		15.7000
3.2650		15.9000
3.2750		9.6000
3.2850		14.2000
3.2950		19.3000
3.3050		18.3000
3.3150		23.4000
3.3250		19.5000
3.3350		19.7000
3.3450		18.1000
3.3550		18.4000
3.3650		14.4000
3.3750		16.6000
3.3850		13.4000
3.3950		13.2000
3.4050		12.7000
3.4150		12.2000
3.4250		14.2000
3.4350		18.9000
3.4450		16.5000
3.4550		16.5000
3.4650		17.8000
3.4750		10.8000
3.4850		9.2000
3.4950		10.2000
3.5050		11.5000
3.5150		13.8000
3.5250		16.2000
3.5350		16.6000
3.5450		20.0000
3.5550		16.9000
3.5650		18.1000
3.5750		15.7000
3.5850		16.7000
3.5950		14.6000
3.6050		20.0000
3.6150		16.7000
3.6250		24.2000
3.6350		18.8000
3.6450		13.9000
3.6550		14.8000
3.6650		18.6000
3.6750		21.5000
3.6850		21.2000
3.6950		16.0000
3.7050		15.5000
3.7150		18.0000
3.7250		15.9000
3.7350		13.6000
3.7450		16.0000
3.7550		21.0000
3.7650		18.8000
3.7750		20.8000
3.7850		16.5000
3.7950		26.4000
3.8050		28.1000
3.8150		27.1000
3.8250		27.7000
3.8350		21.0000
3.8450		20.8000
3.8550		22.4000
3.8650		23.5000
3.8750		21.8000
3.8850		24.2000
3.8950		22.5000
3.9050		22.6000
3.9150		22.8000
3.9250		24.7000
3.9350		19.9000
3.9450		23.6000
3.9550		29.0000
3.9650		26.9000
3.9750		27.6000
3.9850		24.4000
3.9950		22.0000
4.0050		22.8000
4.0150		23.7000
4.0250		23.4000
4.0350		29.0000
4.0450		29.7000
4.0550		34.0000
4.0650		33.4000
4.0750		33.6000
4.0850		32.7000
4.0950		27.0000
4.1050		26.6000
4.1150		29.8000
4.1250		32.4000
4.1350		34.8000
4.1450		34.7000
4.1550		28.8000
4.1650		27.6000
4.1750		32.6000
4.1850		30.0000
4.1950		30.7000
4.2050		35.6000
4.2150		38.3000
4.2250		37.7000
4.2350		36.9000
4.2450		34.6000
4.2550		34.7000
4.2650		34.2000
4.2750		37.0000
4.2850		37.5000
4.2950		37.6000
4.3050		35.1000
4.3150		37.3000
4.3250		38.5000
4.3350		43.1000
4.3450		44.9000
4.3550		41.4000
4.3650		41.9000
4.3750		45.1000
4.3850		45.6000
4.3950		46.9000
4.4050		48.5000
4.4150		44.0000
4.4250		38.1000
4.4350		41.1000
4.4450		39.0000
4.4550		34.6000
4.4650		37.9000
4.4750		42.7000
4.4850		43.6000
4.4950		47.9000
4.5050		47.1000
4.5150		46.4000
4.5250		44.3000
4.5350		39.9000
4.5450		43.0000
4.5550		40.2000
4.5650		48.0000
4.5750		41.1000
4.5850		42.2000
4.5950		42.2000
4.6050		48.2000
4.6150		45.2000
4.6250		45.4000
4.6350		45.9000
4.6450		47.7000
4.6550		44.7000
4.6650		43.9000
4.6750		50.7000
4.6850		52.0000
4.6950		52.5000
4.7050		52.6000
4.7150		50.0000
4.7250		54.4000
4.7350		52.2000
4.7450		52.8000
4.7550		56.0000
4.7650		63.4000
4.7750		69.4000
4.7850		67.7000
4.7950		67.0000
4.8050		68.4000
4.8150		64.0000
4.8250		63.5000
4.8350		55.3000
4.8450		54.2000
4.8550		52.2000
4.8650		51.0000
4.8750		45.3000
4.8850		45.6000
4.8950		46.3000
4.9050		49.3000
4.9150		49.6000
4.9250		50.0000
4.9350		53.5000
4.9450		55.5000
4.9550		56.8000
4.9650		56.2000
4.9750		54.0000
4.9850		52.1000
4.9950		52.7000
5.0050		53.5000
5.0150		56.9000
5.0250		61.8000
5.0350		58.7000
5.0450		58.2000
5.0550		52.4000
5.0650		55.3000
5.0750		52.9000
5.0850		54.2000
5.0950		52.8000
5.1050		57.0000
5.1150		63.5000
5.1250		61.1000
5.1350		61.8000
5.1450		60.3000
5.1550		61.1000
5.1650		65.5000
5.1750		68.3000
5.1850		70.2000
5.1950		75.3000
5.2050		77.0000
5.2150		75.1000
5.2250		76.8000
5.2350		77.9000
5.2450		79.2000
5.2550		80.8000
5.2650		80.0000
5.2750		81.8000
5.2850		79.5000
5.2950		78.2000
5.3050		75.3000
5.3150		71.9000
5.3250		66.6000
5.3350		60.2000
5.3450		61.8000
5.3550		63.8000
5.3650		66.2000
5.3750		67.4000
5.3850		72.4000
5.3950		73.2000
5.4050		74.7000
5.4150		78.1000
5.4250		83.4000
5.4350		84.5000
5.4450		82.9000
5.4550		77.8000
5.4650		78.8000
5.4750		73.3000
5.4850		73.7000
5.4950		68.4000
5.5050		72.6000
5.5150		76.7000
5.5250		76.2000
5.5350		80.9000
5.5450		83.2000
5.5550		86.0000
5.5650		88.9000
5.5750		86.8000
5.5850		82.3000
5.5950		75.0000
5.6050		72.3000
5.6150		69.5000
5.6250		70.1000
5.6350		73.4000
5.6450		73.6000
5.6550		72.1000
5.6650		66.7000
5.6750		70.1000
5.6850		70.7000
5.6950		72.8000
5.7050		74.3000
5.7150		73.5000
5.7250		73.4000
5.7350		72.7000
5.7450		72.1000
5.7550		67.3000
5.7650		67.4000
5.7750		67.0000
5.7850		68.3000
5.7950		70.9000
5.8050		71.8000
5.8150		75.6000
5.8250		75.7000
5.8350		84.0000
5.8450		81.9000
5.8550		83.8000
5.8650		82.4000
5.8750		84.1000
5.8850		85.2000
5.8950		80.7000
5.9050		81.7000
5.9150		76.3000
5.9250		75.4000
5.9350		71.4000
5.9450		71.3000
5.9550		68.0000
5.9650		69.9000
5.9750		76.6000
5.9850		78.1000
5.9950		70.0000
6.0050		64.5000
6.0150		69.0000
6.0250		69.0000
6.0350		69.3000
6.0450		71.5000
6.0550		74.9000
6.0650		70.9000
6.0750		77.1000
6.0850		82.4000
6.0950		77.9000
6.1050		83.6000
6.1150		77.5000
6.1250		75.1000
6.1350		80.0000
6.1450		83.6000
6.1550		92.2000
6.1650		93.6000
6.1750		81.9000
6.1850		82.2000
6.1950		83.4000
6.2050		77.9000
6.2150		75.3000
6.2250		79.1000
6.2350		81.8000
6.2450		85.5000
6.2550		89.1000
6.2650		90.0000
6.2750		86.9000
6.2850		82.7000
6.2950		78.3000
6.3050		76.7000
6.3150		72.0000
6.3250		71.6000
6.3350		75.1000
6.3450		76.6000
6.3550		73.7000
6.3650		73.7000
6.3750		82.6000
6.3850		82.4000
6.3950		82.7000
6.4050		79.1000
6.4150		71.4000
6.4250		75.8000
6.4350		78.7000
6.4450		76.7000
6.4550		73.4000
6.4650		77.4000
6.4750		76.5000
6.4850		78.0000
6.4950		76.5000
6.5050		72.5000
6.5150		74.7000
6.5250		77.4000
6.5350		77.1000
6.5450		78.3000
6.5550		77.5000
6.5650		79.0000
6.5750		75.2000
6.5850		78.7000
6.5950		82.9000
6.6050		81.4000
6.6150		86.0000
6.6250		83.8000
6.6350		85.3000
6.6450		80.4000
6.6550		84.5000
6.6650		81.4000
6.6750		77.7000
6.6850		77.0000
6.6950		76.3000
6.7050		85.0000
6.7150		87.8000
6.7250		82.2000
6.7350		79.7000
6.7450		81.0000
6.7550		78.9000
6.7650		73.7000
6.7750		83.3000
6.7850		81.9000
6.7950		81.0000
6.8050		76.7000
6.8150		71.6000
6.8250		81.9000
6.8350		80.8000
6.8450		87.7000
6.8550		83.8000
6.8650		82.8000
6.8750		83.3000
6.8850		85.1000
6.8950		81.7000
6.9050		82.4000
6.9150		81.3000
6.9250		83.9000
6.9350		85.2000
6.9450		85.2000
6.9550		82.9000
6.9650		86.3000
6.9750		87.0000
6.9850		88.1000
6.9950		87.0000
7.0050		86.5000
7.0150		84.5000
7.0250		84.8000
7.0350		80.7000
7.0450		84.3000
7.0550		83.3000
7.0650		88.0000
7.0750		89.0000
7.0850		94.3000
7.0950		88.8000
7.1050		85.7000
7.1150		92.1000
7.1250		95.2000
7.1350		103.3000
7.1450		102.0000
7.1550		102.1000
7.1650		90.8000
7.1750		99.7000
7.1850		94.5000
7.1950		99.2000
7.2050		100.5000
7.2150		94.7000
7.2250		100.0000
7.2350		98.8000
7.2450		100.0000
7.2550		93.2000
7.2650		94.5000
7.2750		88.2000
7.2850		92.4000
7.2950		90.7000
7.3050		94.4000
7.3150		92.5000
7.3250		89.6000
7.3350		88.6000
7.3450		86.6000
7.3550		94.6000
7.3650		97.1000
7.3750		90.4000
7.3850		93.6000
7.3950		97.4000
7.4050		103.0000
7.4150		100.8000
7.4250		93.9000
7.4350		83.1000
7.4450		83.7000
7.4550		89.1000
7.4650		85.9000
7.4750		87.4000
7.4850		85.9000
7.4950		86.3000
7.5050		89.7000
7.5150		79.9000
7.5250		82.5000
7.5350		86.9000
7.5450		95.5000
7.5550		94.3000
7.5650		91.1000
7.5750		84.0000
7.5850		83.8000
7.5950		77.9000
7.6050		85.5000
7.6150		79.2000
7.6250		78.0000
7.6350		81.4000
7.6450		83.7000
7.6550		84.9000
7.6650		82.3000
7.6750		78.5000
7.6850		74.2000
7.6950		73.8000
7.7050		73.4000
7.7150		76.7000
7.7250		76.1000
7.7350		77.2000
7.7450		77.2000
7.7550		76.2000
7.7650		72.6000
7.7750		77.8000
7.7850		81.6000
7.7950		71.1000
7.8050		74.7000
7.8150		78.2000
7.8250		77.0000
7.8350		78.0000
7.8450		75.3000
7.8550		76.9000
7.8650		77.1000
7.8750		73.0000
7.8850		69.3000
7.8950		76.8000
7.9050		84.7000
7.9150		85.4000
7.9250		84.5000
7.9350		80.9000
7.9450		75.0000
7.9550		76.9000
7.9650		74.4000
7.9750		72.6000
7.9850		67.7000
7.9950		75.2000
8.0050		75.0000
8.0150		72.1000
8.0250		72.5000
8.0350		69.3000
8.0450		67.1000
8.0550		68.4000
8.0650		65.6000
8.0750		66.8000
8.0850		70.9000
8.0950		80.1000
8.1050		83.2000
8.1150		70.2000
8.1250		77.5000
8.1350		74.3000
8.1450		82.4000
8.1550		79.1000
8.1650		78.4000
8.1750		74.6000
8.1850		69.8000
8.1950		68.9000
8.2050		67.6000
8.2150		67.3000
8.2250		65.2000
8.2350		68.8000
8.2450		72.5000
8.2550		69.9000
8.2650		76.3000
8.2750		80.1000
8.2850		78.2000
8.2950		78.1000
8.3050		78.7000
8.3150		81.3000
8.3250		82.2000
8.3350		78.8000
8.3450		78.0000
8.3550		76.1000
8.3650		76.4000
8.3750		74.5000
8.3850		74.2000
8.3950		69.4000
8.4050		71.0000
8.4150		65.3000
8.4250		64.3000
8.4350		62.4000
8.4450		66.4000
8.4550		62.8000
8.4650		61.8000
8.4750		66.2000
8.4850		62.2000
8.4950		66.2000
8.5050		68.8000
8.5150		70.5000
8.5250		66.8000
8.5350		73.8000
8.5450		66.2000
8.5550		68.4000
8.5650		67.7000
8.5750		71.7000
8.5850		73.9000
8.5950		67.7000
8.6050		64.7000
8.6150		63.7000
8.6250		68.1000
8.6350		66.3000
8.6450		64.5000
8.6550		63.2000
8.6650		63.1000
8.6750		68.3000
8.6850		68.3000
8.6950		70.5000
8.7050		68.1000
8.7150		70.9000
8.7250		69.3000
8.7350		71.0000
8.7450		74.8000
8.7550		73.6000
8.7650		76.1000
8.7750		74.6000
8.7850		71.8000
8.7950		72.1000
8.8050		75.2000
8.8150		73.5000
8.8250		73.4000
8.8350		84.3000
8.8450		85.1000
8.8550		83.8000
8.8650		84.3000
8.8750		80.5000
8.8850		88.4000
8.8950		91.0000
8.9050		85.2000
8.9150		89.2000
8.9250		97.1000
8.9350		92.8000
8.9450		96.0000
8.9550		96.0000
8.9650		97.2000
8.9750		100.6000
8.9850		95.6000
8.9950		94.9000
9.0050		92.3000
9.0150		85.5000
9.0250		86.8000
9.0350		77.6000
9.0450		79.5000
9.0550		85.5000
9.0650		85.0000
9.0750		85.9000
9.0850		88.1000
9.0950		82.0000
9.1050		87.7000
9.1150		90.1000
9.1250		92.3000
9.1350		84.1000
9.1450		84.3000
9.1650		82.1000
9.1750		91.9000
9.1850		95.9000
9.1950		91.9000
9.2050		95.7000
9.2150		93.6000
9.2250		103.4000
9.2750		96.5000
9.2850		95.2000
9.2950		96.9000
9.3050		93.3000
9.3250		97.2000
9.3350		89.3000
9.3450		103.4000
9.3550		98.4000
9.3650		108.3000
9.3750		103.0000
9.3850		106.5000
9.3950		113.4000
9.4050		100.5000
9.4150		107.4000
9.4250		105.7000
9.4350		99.4000
9.4450		98.5000
9.4550		107.7000
9.4650		109.1000
9.4750		99.0000
9.4850		101.3000
9.4950		96.4000
9.5050		94.6000
9.5150		100.9000
9.5250		99.4000
9.5350		90.8000
9.5450		88.9000
9.5550		80.9000
9.5650		78.5000
9.5750		82.4000
9.5850		81.2000
9.5950		86.6000
9.6050		82.0000
9.6150		84.5000
9.6250		87.5000
9.6350		83.2000
9.6450		86.5000
9.6550		90.8000
9.6650		89.4000
9.6750		92.2000
9.6850		90.4000
9.6950		91.1000
9.7050		88.3000
9.7150		88.3000
9.7250		89.6000
9.7750		94.5000
9.7850		92.8000
9.7950		93.4000
9.8050		93.1000
9.8150		101.4000
9.8250		96.9000
9.8350		98.3000
9.8450		98.9000
9.8550		106.2000
9.8650		105.6000
9.8750		100.2000
9.8850		110.4000
9.8950		101.3000
9.9050		106.8000
9.9150		102.5000
9.9250		96.4000
9.9350		99.7000
9.9550		102.1000
9.9650		101.9000
9.9750		101.6000
9.9850		100.9000
9.9950		107.6000
