% Y. Wang et al. The Holocene Asian Monsoon: Links to Solar Changes 
%     and North Atlantic Climate. Science, 2005. DOI: 10.1126/science.1106296

% NB. Age is in kilo-years before 1950.

%Age	d18O
-0.050	-7.180
-0.040	-7.320
-0.027	-7.100
-0.015	-7.280
-0.002	-7.270
0.004	-7.520
0.010	-7.530
0.016	-8.070
0.021	-8.140
0.027	-7.760
0.033	-7.530
0.036	-7.520
0.038	-7.670
0.041	-7.560
0.044	-7.710
0.047	-7.490
0.049	-7.810
0.052	-7.610
0.055	-8.090
0.057	-7.650
0.060	-7.840
0.063	-7.420
0.064	-7.470
0.065	-7.970
0.066	-7.770
0.068	-7.610
0.071	-7.820
0.074	-7.510
0.076	-8.000
0.079	-7.490
0.082	-7.700
0.084	-7.510
0.087	-7.780
0.090	-7.690
0.092	-7.910
0.095	-7.720
0.098	-7.580
0.101	-7.540
0.103	-7.570
0.106	-7.540
0.109	-7.920
0.111	-7.440
0.114	-7.710
0.117	-7.570
0.119	-7.490
0.125	-7.660
0.130	-8.080
0.136	-7.590
0.141	-7.570
0.144	-7.750
0.146	-7.770
0.149	-7.840
0.151	-6.990
0.154	-7.640
0.156	-7.670
0.159	-7.530
0.162	-7.620
0.164	-7.630
0.167	-7.890
0.169	-7.570
0.172	-7.190
0.174	-7.370
0.177	-7.590
0.180	-7.470
0.182	-7.580
0.185	-7.570
0.187	-7.190
0.190	-7.070
0.192	-7.620
0.195	-7.650
0.198	-7.430
0.200	-7.680
0.203	-7.660
0.205	-7.410
0.208	-7.080
0.210	-7.200
0.213	-7.480
0.214	-7.160
0.215	-7.210
0.216	-7.190
0.217	-7.310
0.218	-7.520
0.219	-7.250
0.220	-7.440
0.221	-7.550
0.222	-7.590
0.223	-7.440
0.224	-7.170
0.225	-7.340
0.226	-7.490
0.227	-7.670
0.228	-7.320
0.229	-7.390
0.236	-7.180
0.243	-6.960
0.249	-7.380
0.256	-7.190
0.263	-7.350
0.270	-7.520
0.276	-7.440
0.283	-7.210
0.290	-7.600
0.297	-7.470
0.304	-7.210
0.310	-7.460
0.317	-7.400
0.324	-7.610
0.331	-7.260
0.337	-7.000
0.344	-6.950
0.351	-6.640
0.358	-7.140
0.364	-7.260
0.371	-7.290
0.378	-7.210
0.384	-7.410
0.389	-7.430
0.395	-7.390
0.401	-7.350
0.407	-7.470
0.412	-7.190
0.418	-7.050
0.424	-7.370
0.430	-7.200
0.435	-7.340
0.441	-7.190
0.447	-7.310
0.452	-6.980
0.458	-7.020
0.464	-7.100
0.470	-7.150
0.475	-7.240
0.481	-7.130
0.483	-6.660
0.486	-7.260
0.488	-7.470
0.491	-7.300
0.493	-7.150
0.496	-7.210
0.498	-7.230
0.500	-7.560
0.503	-7.390
0.505	-6.740
0.508	-7.080
0.510	-6.920
0.512	-7.160
0.515	-7.400
0.517	-7.090
0.520	-7.120
0.522	-6.940
0.525	-6.650
0.527	-7.570
0.529	-7.710
0.532	-7.270
0.534	-7.230
0.537	-7.480
0.539	-7.370
0.541	-7.390
0.544	-7.380
0.546	-7.460
0.549	-7.310
0.551	-7.210
0.554	-7.320
0.556	-7.300
0.558	-7.210
0.561	-7.240
0.563	-7.280
0.566	-7.160
0.568	-7.170
0.571	-7.280
0.574	-7.100
0.580	-7.110
0.583	-7.140
0.586	-7.200
0.592	-7.540
0.595	-7.430
0.598	-7.470
0.604	-7.500
0.607	-7.430
0.610	-7.350
0.616	-7.260
0.619	-7.280
0.622	-7.230
0.628	-7.290
0.631	-7.270
0.634	-7.150
0.640	-7.560
0.643	-7.610
0.646	-7.480
0.652	-7.240
0.655	-7.420
0.658	-7.410
0.664	-7.740
0.667	-7.600
0.670	-7.750
0.676	-7.630
0.679	-7.640
0.682	-7.550
0.688	-7.590
0.691	-7.610
0.694	-7.610
0.700	-7.360
0.703	-7.440
0.706	-7.380
0.712	-7.350
0.715	-7.270
0.718	-7.250
0.724	-7.520
0.727	-7.170
0.730	-7.400
0.736	-7.210
0.739	-7.290
0.742	-7.190
0.748	-6.990
0.751	-7.120
0.754	-7.080
0.760	-7.110
0.763	-7.270
0.766	-7.170
0.772	-7.080
0.776	-7.190
0.779	-7.240
0.787	-7.210
0.790	-7.280
0.794	-7.530
0.801	-7.410
0.805	-7.310
0.808	-7.240
0.816	-7.210
0.823	-7.320
0.830	-7.270
0.838	-7.050
0.845	-7.120
0.852	-7.310
0.859	-7.190
0.867	-7.380
0.874	-7.400
0.881	-7.160
0.889	-7.300
0.896	-7.210
0.903	-6.870
0.910	-7.220
0.918	-7.150
0.925	-7.380
0.932	-7.370
0.939	-7.120
0.947	-7.160
0.954	-7.320
0.961	-7.460
0.969	-7.250
0.976	-6.780
0.983	-7.120
0.990	-7.180
0.998	-7.440
1.005	-7.200
1.008	-7.220
1.011	-7.340
1.015	-7.230
1.018	-7.390
1.021	-7.500
1.024	-7.010
1.028	-7.210
1.031	-7.330
1.034	-7.280
1.037	-7.260
1.041	-7.240
1.044	-7.260
1.047	-7.200
1.050	-6.980
1.053	-7.110
1.057	-7.110
1.060	-7.060
1.063	-7.290
1.066	-7.400
1.070	-7.430
1.073	-7.570
1.076	-7.550
1.079	-7.450
1.083	-7.280
1.086	-7.490
1.089	-7.460
1.092	-7.080
1.096	-7.450
1.099	-7.500
1.102	-7.220
1.105	-7.040
1.108	-7.150
1.112	-7.070
1.115	-7.310
1.118	-7.580
1.121	-7.330
1.125	-7.440
1.128	-7.600
1.131	-7.510
1.134	-7.170
1.138	-7.210
1.141	-7.050
1.144	-7.380
1.147	-7.180
1.150	-7.690
1.154	-7.330
1.157	-7.450
1.160	-7.310
1.163	-7.370
1.167	-7.440
1.170	-7.290
1.173	-7.270
1.176	-6.760
1.180	-7.170
1.183	-7.460
1.186	-7.550
1.188	-7.470
1.191	-7.270
1.193	-7.270
1.196	-7.490
1.198	-7.520
1.201	-7.540
1.203	-7.350
1.206	-7.210
1.208	-7.210
1.211	-7.200
1.213	-7.320
1.216	-7.360
1.218	-7.360
1.221	-7.350
1.223	-7.340
1.225	-7.480
1.228	-7.450
1.230	-7.360
1.233	-7.200
1.235	-7.180
1.238	-7.250
1.240	-7.260
1.243	-7.420
1.245	-7.450
1.250	-7.460
1.255	-7.430
1.260	-7.510
1.265	-7.020
1.270	-7.310
1.275	-7.390
1.280	-7.090
1.285	-6.980
1.290	-7.130
1.294	-7.080
1.299	-7.430
1.304	-7.560
1.309	-7.360
1.314	-7.260
1.319	-7.400
1.324	-7.330
1.329	-7.280
1.334	-7.290
1.339	-7.540
1.344	-7.390
1.349	-7.220
1.354	-7.450
1.359	-7.320
1.363	-7.120
1.368	-7.370
1.373	-7.340
1.378	-7.490
1.383	-7.420
1.388	-7.290
1.393	-6.880
1.397	-6.890
1.402	-7.120
1.406	-7.010
1.411	-7.020
1.415	-7.620
1.420	-7.470
1.424	-7.160
1.428	-6.950
1.433	-7.010
1.437	-7.380
1.442	-7.280
1.446	-7.100
1.450	-6.980
1.455	-7.290
1.459	-7.220
1.464	-6.840
1.468	-6.900
1.473	-7.190
1.477	-7.250
1.481	-7.120
1.486	-7.240
1.490	-7.010
1.495	-6.900
1.499	-7.020
1.503	-6.850
1.508	-6.930
1.512	-7.310
1.517	-7.150
1.521	-7.270
1.526	-7.410
1.530	-7.300
1.534	-7.060
1.539	-7.180
1.543	-6.850
1.548	-7.020
1.552	-7.020
1.557	-7.290
1.561	-7.270
1.566	-7.300
1.570	-7.280
1.575	-7.380
1.579	-6.980
1.584	-7.220
1.588	-7.390
1.593	-7.040
1.598	-7.180
1.602	-6.940
1.607	-7.350
1.611	-7.410
1.616	-7.450
1.620	-7.380
1.625	-7.260
1.630	-7.090
1.634	-7.260
1.639	-7.370
1.643	-7.360
1.648	-7.260
1.652	-7.330
1.657	-7.090
1.661	-7.280
1.666	-7.200
1.671	-7.160
1.675	-7.220
1.680	-7.500
1.684	-7.500
1.689	-7.220
1.693	-7.380
1.698	-7.320
1.702	-7.380
1.707	-6.960
1.711	-7.160
1.715	-7.250
1.718	-7.140
1.722	-7.270
1.726	-7.230
1.730	-7.290
1.733	-7.230
1.737	-7.200
1.741	-7.200
1.745	-7.310
1.748	-7.400
1.752	-7.550
1.756	-7.180
1.760	-7.340
1.763	-7.220
1.767	-7.540
1.771	-7.570
1.775	-7.570
1.778	-7.520
1.782	-7.400
1.786	-7.540
1.790	-7.420
1.793	-7.470
1.797	-7.480
1.801	-7.550
1.805	-7.620
1.808	-7.520
1.812	-7.430
1.816	-7.290
1.820	-7.450
1.823	-7.620
1.827	-7.560
1.831	-7.060
1.835	-7.280
1.838	-7.410
1.842	-7.410
1.846	-7.320
1.850	-7.380
1.853	-7.310
1.857	-7.330
1.861	-7.430
1.865	-7.270
1.868	-7.440
1.872	-7.420
1.876	-7.140
1.880	-7.410
1.883	-7.210
1.887	-7.320
1.891	-7.300
1.895	-7.200
1.898	-6.820
1.902	-7.280
1.906	-7.420
1.910	-7.490
1.913	-7.450
1.917	-7.410
1.921	-7.380
1.925	-7.340
1.928	-7.330
1.932	-7.400
1.936	-7.400
1.940	-7.320
1.943	-7.290
1.947	-7.480
1.951	-7.400
1.955	-7.520
1.958	-7.490
1.962	-7.250
1.966	-7.530
1.970	-7.410
1.973	-7.460
1.977	-7.640
1.981	-7.670
1.985	-7.660
1.988	-7.610
1.992	-7.460
1.996	-7.300
2.000	-7.330
2.003	-7.330
2.007	-7.320
2.011	-7.320
2.015	-7.160
2.018	-7.370
2.022	-7.560
2.026	-7.420
2.030	-7.440
2.033	-7.420
2.037	-7.520
2.041	-7.480
2.045	-7.440
2.049	-7.340
2.052	-7.430
2.056	-7.450
2.060	-7.480
2.064	-7.510
2.067	-7.470
2.071	-7.400
2.075	-7.360
2.079	-7.440
2.083	-7.400
2.086	-7.350
2.090	-7.490
2.094	-7.470
2.098	-7.450
2.101	-7.260
2.105	-7.460
2.109	-7.600
2.113	-7.560
2.117	-7.640
2.120	-7.660
2.124	-7.660
2.128	-7.610
2.132	-7.290
2.135	-7.590
2.139	-7.630
2.143	-7.510
2.147	-7.490
2.151	-7.370
2.154	-7.460
2.158	-7.330
2.162	-7.440
2.166	-7.540
2.169	-7.450
2.173	-7.550
2.177	-7.630
2.181	-7.730
2.185	-7.630
2.188	-7.540
2.192	-7.450
2.196	-7.490
2.200	-7.440
2.203	-7.340
2.207	-7.400
2.211	-7.380
2.215	-7.410
2.219	-7.530
2.222	-7.660
2.226	-7.600
2.230	-7.610
2.234	-7.460
2.237	-7.440
2.241	-7.670
2.245	-7.620
2.249	-7.600
2.253	-7.550
2.256	-7.640
2.260	-7.660
2.264	-7.500
2.268	-7.560
2.271	-7.620
2.275	-7.650
2.279	-7.380
2.284	-7.240
2.289	-7.480
2.294	-7.550
2.299	-7.570
2.304	-7.750
2.309	-7.660
2.314	-7.600
2.319	-7.550
2.324	-7.570
2.329	-7.540
2.334	-7.340
2.339	-7.380
2.344	-7.550
2.349	-7.350
2.354	-7.430
2.359	-7.410
2.364	-7.420
2.369	-7.320
2.374	-7.130
2.379	-7.210
2.384	-7.430
2.389	-7.190
2.394	-7.230
2.399	-7.530
2.404	-7.310
2.409	-7.170
2.413	-7.370
2.418	-7.340
2.423	-7.390
2.428	-7.540
2.433	-7.570
2.438	-7.670
2.443	-7.590
2.448	-7.710
2.453	-7.580
2.458	-7.490
2.463	-7.520
2.468	-7.460
2.473	-7.490
2.478	-7.490
2.483	-7.410
2.488	-7.750
2.493	-7.530
2.498	-7.440
2.503	-7.290
2.508	-7.450
2.513	-7.410
2.518	-7.390
2.523	-7.320
2.528	-7.370
2.533	-7.530
2.538	-7.590
2.543	-7.410
2.547	-7.300
2.552	-7.310
2.557	-7.230
2.562	-7.360
2.566	-7.520
2.571	-7.470
2.576	-7.410
2.581	-7.490
2.585	-7.620
2.590	-7.410
2.595	-7.310
2.600	-7.190
2.604	-7.340
2.609	-7.520
2.614	-7.520
2.619	-7.520
2.623	-7.590
2.628	-7.510
2.633	-7.560
2.638	-7.620
2.642	-7.390
2.647	-7.460
2.652	-7.420
2.657	-7.450
2.661	-7.540
2.666	-7.470
2.671	-7.550
2.675	-7.460
2.680	-7.520
2.685	-7.460
2.690	-7.480
2.694	-7.480
2.697	-7.430
2.699	-7.460
2.702	-7.450
2.704	-7.160
2.706	-7.260
2.709	-7.490
2.711	-7.310
2.713	-7.250
2.716	-7.110
2.718	-7.230
2.720	-7.000
2.723	-7.260
2.725	-7.090
2.728	-7.210
2.730	-6.980
2.732	-7.320
2.735	-7.220
2.737	-7.200
2.739	-7.250
2.742	-7.210
2.744	-7.210
2.747	-7.320
2.749	-7.080
2.751	-7.260
2.756	-7.380
2.761	-7.400
2.766	-7.490
2.770	-7.470
2.775	-7.370
2.781	-7.150
2.786	-7.490
2.792	-7.400
2.797	-7.540
2.803	-7.150
2.808	-7.320
2.814	-7.310
2.819	-7.400
2.825	-7.510
2.830	-7.520
2.836	-7.640
2.841	-7.580
2.847	-7.310
2.853	-7.380
2.858	-7.310
2.864	-7.640
2.869	-7.640
2.875	-7.390
2.880	-7.630
2.886	-7.470
2.891	-7.450
2.897	-7.400
2.902	-7.630
2.908	-7.760
2.913	-7.630
2.919	-7.750
2.925	-7.620
2.930	-7.560
2.936	-7.440
2.941	-7.540
2.947	-7.470
2.952	-7.460
2.958	-7.230
2.963	-7.660
2.969	-7.620
2.974	-7.660
2.980	-7.700
2.985	-7.780
2.991	-7.720
2.997	-7.610
3.002	-7.640
3.008	-7.780
3.013	-7.810
3.019	-7.800
3.024	-7.770
3.030	-7.810
3.035	-7.720
3.041	-7.850
3.046	-7.810
3.052	-7.600
3.057	-7.470
3.063	-7.140
3.068	-7.310
3.074	-7.510
3.080	-7.870
3.085	-7.810
3.091	-7.650
3.096	-7.730
3.102	-7.600
3.107	-7.700
3.113	-7.660
3.118	-7.730
3.124	-7.700
3.129	-7.640
3.135	-7.760
3.140	-7.780
3.146	-7.640
3.152	-7.560
3.157	-7.510
3.163	-7.490
3.168	-7.770
3.174	-7.600
3.179	-7.570
3.185	-7.850
3.190	-7.810
3.196	-7.790
3.201	-7.720
3.207	-7.700
3.212	-7.520
3.218	-7.460
3.221	-7.640
3.224	-7.650
3.226	-7.760
3.229	-7.730
3.232	-7.790
3.235	-7.660
3.238	-7.750
3.241	-7.810
3.243	-7.800
3.246	-7.630
3.249	-7.780
3.252	-7.670
3.255	-7.740
3.257	-7.710
3.260	-7.720
3.263	-7.580
3.266	-7.450
3.269	-7.220
3.271	-7.370
3.274	-7.600
3.277	-7.750
3.280	-7.560
3.283	-7.530
3.286	-7.420
3.288	-7.590
3.291	-7.710
3.294	-7.520
3.297	-7.610
3.300	-7.540
3.302	-7.390
3.305	-7.540
3.308	-7.740
3.315	-7.620
3.322	-7.680
3.329	-7.680
3.336	-7.600
3.343	-7.610
3.350	-7.680
3.357	-7.870
3.364	-7.780
3.371	-7.790
3.378	-7.660
3.385	-7.680
3.392	-7.720
3.399	-7.740
3.406	-7.770
3.412	-7.790
3.419	-7.670
3.426	-7.690
3.433	-7.640
3.440	-7.700
3.447	-7.800
3.454	-7.750
3.461	-7.720
3.468	-7.770
3.475	-7.830
3.482	-7.770
3.489	-7.880
3.496	-7.790
3.503	-7.790
3.510	-7.860
3.517	-7.710
3.524	-7.850
3.531	-7.650
3.538	-7.850
3.545	-7.940
3.552	-7.740
3.559	-7.750
3.566	-7.720
3.573	-7.680
3.580	-7.780
3.587	-7.680
3.594	-7.790
3.601	-7.650
3.608	-7.750
3.614	-7.530
3.621	-7.700
3.628	-7.840
3.635	-7.670
3.642	-7.720
3.649	-7.950
3.656	-7.740
3.663	-7.710
3.670	-7.660
3.677	-7.720
3.684	-7.640
3.691	-7.560
3.698	-7.450
3.705	-7.780
3.712	-7.620
3.715	-7.740
3.718	-7.690
3.721	-7.830
3.724	-7.640
3.727	-7.680
3.730	-7.630
3.733	-7.790
3.737	-7.520
3.740	-7.620
3.743	-7.760
3.746	-7.740
3.749	-7.780
3.752	-7.580
3.755	-7.860
3.758	-7.660
3.761	-7.750
3.764	-7.840
3.767	-7.800
3.770	-7.670
3.773	-7.800
3.776	-7.780
3.779	-7.890
3.782	-7.900
3.786	-7.860
3.789	-7.870
3.792	-7.750
3.795	-7.820
3.798	-7.880
3.801	-7.660
3.804	-7.820
3.807	-7.910
3.810	-7.950
3.813	-7.970
3.816	-7.500
3.819	-7.610
3.822	-7.870
3.825	-7.900
3.828	-7.970
3.832	-7.920
3.835	-7.490
3.838	-7.980
3.841	-7.860
3.844	-7.910
3.847	-8.050
3.850	-7.970
3.853	-7.930
3.856	-7.750
3.859	-7.830
3.862	-7.710
3.865	-8.080
3.868	-7.690
3.871	-7.990
3.874	-7.880
3.877	-7.870
3.881	-7.960
3.884	-7.860
3.887	-7.980
3.890	-8.080
3.893	-8.000
3.896	-8.190
3.899	-8.130
3.902	-8.180
3.907	-8.070
3.912	-8.110
3.917	-8.150
3.922	-8.090
3.927	-7.990
3.932	-8.080
3.937	-7.990
3.942	-7.840
3.947	-7.940
3.952	-8.050
3.956	-8.080
3.961	-7.770
3.966	-7.780
3.971	-7.960
3.976	-7.780
3.981	-7.740
3.986	-7.850
3.991	-7.810
3.996	-7.730
4.001	-7.530
4.005	-7.720
4.008	-7.830
4.012	-7.820
4.015	-7.840
4.019	-7.730
4.022	-7.840
4.026	-7.720
4.029	-7.790
4.033	-7.670
4.036	-7.850
4.040	-7.890
4.043	-7.520
4.047	-7.610
4.050	-7.710
4.054	-8.030
4.057	-7.960
4.061	-7.940
4.064	-7.770
4.068	-7.960
4.072	-7.850
4.075	-7.910
4.079	-7.980
4.082	-7.920
4.086	-8.020
4.089	-7.870
4.093	-7.950
4.096	-7.700
4.100	-8.000
4.103	-7.910
4.107	-7.970
4.110	-7.760
4.114	-7.370
4.117	-7.480
4.121	-7.660
4.124	-7.790
4.128	-7.860
4.131	-7.740
4.135	-7.880
4.139	-7.830
4.142	-7.830
4.146	-7.800
4.149	-7.650
4.153	-7.700
4.156	-7.660
4.160	-7.870
4.163	-7.780
4.167	-7.810
4.170	-7.930
4.174	-7.780
4.177	-7.780
4.181	-7.840
4.184	-7.850
4.188	-7.870
4.191	-7.970
4.195	-8.080
4.198	-8.020
4.202	-8.040
4.205	-8.130
4.209	-8.070
4.213	-8.160
4.216	-8.060
4.220	-7.990
4.223	-8.100
4.227	-7.990
4.230	-8.000
4.234	-7.960
4.237	-8.000
4.241	-7.740
4.244	-7.760
4.248	-7.900
4.251	-7.830
4.255	-7.850
4.258	-7.810
4.262	-7.810
4.265	-7.720
4.269	-7.690
4.272	-7.810
4.276	-7.810
4.285	-7.760
4.294	-7.610
4.302	-7.690
4.311	-7.640
4.320	-7.660
4.329	-8.160
4.338	-7.950
4.347	-8.280
4.355	-7.790
4.364	-7.520
4.373	-8.060
4.382	-8.380
4.391	-8.380
4.399	-8.330
4.408	-8.390
4.417	-8.440
4.420	-8.340
4.422	-8.230
4.425	-8.410
4.428	-8.280
4.430	-8.370
4.433	-8.410
4.436	-8.360
4.439	-8.220
4.441	-8.160
4.444	-8.350
4.447	-8.220
4.449	-7.750
4.452	-7.910
4.455	-8.110
4.457	-8.070
4.460	-8.220
4.463	-8.130
4.465	-8.170
4.468	-8.120
4.471	-8.200
4.473	-8.320
4.476	-8.200
4.479	-8.210
4.482	-8.100
4.484	-7.950
4.487	-8.010
4.490	-7.970
4.492	-8.020
4.495	-8.070
4.498	-8.040
4.500	-8.030
4.503	-7.710
4.506	-7.870
4.508	-8.070
4.511	-8.130
4.514	-8.290
4.516	-8.180
4.519	-8.310
4.522	-8.230
4.525	-8.090
4.527	-8.190
4.530	-8.220
4.533	-8.180
4.535	-8.140
4.538	-8.260
4.541	-8.150
4.543	-8.020
4.546	-8.130
4.551	-8.100
4.556	-8.220
4.561	-8.270
4.566	-8.110
4.571	-8.260
4.576	-8.360
4.581	-8.320
4.587	-8.350
4.592	-8.420
4.597	-8.120
4.602	-8.100
4.607	-8.000
4.612	-8.200
4.617	-8.140
4.622	-8.190
4.627	-8.260
4.632	-8.250
4.637	-8.170
4.642	-8.230
4.647	-8.320
4.652	-8.230
4.657	-8.200
4.663	-8.100
4.668	-8.350
4.673	-8.200
4.678	-8.130
4.683	-8.160
4.688	-8.070
4.693	-7.980
4.698	-8.010
4.703	-8.000
4.708	-8.110
4.713	-8.180
4.718	-8.140
4.723	-8.040
4.728	-8.210
4.734	-8.070
4.739	-8.130
4.744	-8.230
4.749	-8.150
4.754	-8.220
4.759	-8.180
4.764	-8.150
4.769	-8.210
4.774	-8.110
4.779	-8.200
4.784	-8.220
4.789	-8.280
4.794	-8.370
4.799	-8.440
4.804	-8.280
4.810	-8.170
4.815	-8.100
4.820	-8.270
4.825	-8.060
4.830	-8.120
4.835	-8.350
4.840	-8.370
4.845	-8.140
4.850	-8.280
4.855	-8.280
4.860	-7.930
4.865	-7.990
4.870	-8.340
4.875	-8.140
4.880	-8.150
4.886	-8.160
4.891	-8.290
4.896	-8.290
4.901	-8.250
4.906	-8.140
4.911	-8.060
4.916	-8.010
4.921	-8.010
4.925	-8.110
4.929	-8.070
4.933	-8.240
4.937	-8.250
4.941	-8.210
4.945	-8.100
4.949	-8.030
4.953	-8.050
4.957	-8.130
4.961	-7.930
4.965	-7.830
4.969	-8.100
4.973	-8.110
4.977	-8.110
4.981	-8.360
4.985	-8.260
4.989	-8.150
4.993	-8.050
4.997	-8.140
5.000	-8.190
5.004	-8.010
5.008	-7.970
5.012	-7.900
5.016	-8.110
5.020	-8.180
5.024	-8.350
5.028	-8.300
5.032	-8.300
5.036	-8.340
5.040	-8.220
5.044	-8.080
5.048	-8.480
5.052	-8.440
5.056	-8.310
5.060	-7.940
5.064	-8.100
5.068	-8.130
5.072	-8.170
5.077	-8.080
5.082	-8.000
5.087	-8.240
5.092	-8.270
5.097	-8.310
5.103	-8.380
5.108	-8.400
5.113	-8.220
5.118	-8.340
5.123	-8.340
5.128	-8.230
5.133	-8.200
5.138	-8.290
5.143	-8.350
5.148	-8.320
5.154	-8.380
5.159	-8.440
5.164	-8.480
5.169	-8.430
5.174	-8.240
5.179	-8.370
5.184	-8.360
5.189	-8.370
5.194	-8.200
5.199	-8.350
5.204	-8.250
5.210	-8.260
5.215	-7.990
5.220	-8.150
5.225	-8.370
5.230	-8.290
5.235	-8.370
5.240	-8.160
5.245	-8.090
5.250	-8.170
5.255	-8.360
5.261	-8.290
5.266	-8.300
5.271	-8.290
5.276	-8.340
5.281	-8.240
5.286	-8.320
5.291	-8.410
5.296	-8.520
5.301	-8.320
5.306	-8.270
5.311	-8.250
5.317	-8.320
5.322	-8.290
5.327	-8.330
5.332	-8.260
5.337	-8.370
5.342	-8.240
5.347	-8.320
5.352	-8.310
5.357	-8.220
5.362	-8.280
5.367	-8.200
5.373	-8.200
5.375	-8.080
5.377	-8.040
5.378	-8.120
5.379	-8.060
5.381	-7.980
5.383	-8.100
5.385	-8.020
5.387	-7.950
5.388	-8.090
5.389	-8.090
5.391	-8.100
5.393	-8.180
5.398	-8.190
5.403	-8.300
5.408	-8.360
5.413	-8.200
5.418	-8.210
5.424	-8.330
5.429	-8.210
5.434	-8.290
5.439	-8.240
5.444	-8.280
5.449	-8.130
5.458	-8.170
5.467	-7.900
5.476	-7.980
5.485	-8.370
5.493	-7.990
5.502	-8.130
5.511	-8.550
5.516	-8.340
5.519	-8.250
5.520	-8.140
5.523	-8.100
5.526	-8.160
5.529	-8.170
5.533	-8.580
5.537	-8.310
5.538	-8.360
5.540	-8.510
5.544	-8.660
5.547	-8.170
5.551	-8.640
5.555	-8.520
5.556	-8.310
5.558	-8.660
5.562	-8.480
5.564	-8.370
5.569	-8.470
5.572	-8.490
5.573	-8.160
5.576	-8.380
5.579	-8.230
5.582	-8.140
5.587	-8.410
5.590	-8.210
5.591	-8.100
5.593	-8.180
5.595	-8.230
5.597	-8.010
5.602	-8.080
5.608	-8.270
5.613	-8.130
5.619	-8.320
5.625	-8.300
5.630	-8.360
5.636	-8.290
5.641	-8.240
5.647	-8.220
5.652	-8.020
5.658	-8.260
5.664	-8.110
5.669	-8.280
5.675	-8.260
5.680	-8.150
5.686	-8.140
5.692	-8.250
5.697	-8.310
5.703	-8.420
5.708	-8.420
5.714	-8.360
5.720	-8.320
5.725	-8.440
5.731	-8.330
5.736	-8.350
5.742	-8.300
5.747	-8.370
5.753	-8.400
5.759	-8.300
5.764	-8.420
5.770	-8.230
5.775	-8.510
5.781	-8.500
5.786	-8.440
5.791	-8.450
5.796	-8.440
5.801	-8.370
5.806	-8.340
5.812	-8.370
5.817	-8.490
5.822	-8.380
5.827	-8.690
5.832	-8.720
5.837	-8.690
5.842	-8.520
5.847	-8.680
5.852	-8.580
5.857	-8.510
5.862	-8.620
5.867	-8.490
5.873	-8.360
5.878	-8.460
5.883	-8.410
5.888	-8.500
5.893	-8.520
5.898	-8.430
5.903	-8.560
5.908	-8.490
5.913	-8.600
5.918	-8.520
5.923	-8.530
5.929	-8.490
5.934	-8.350
5.939	-8.130
5.944	-8.410
5.949	-8.430
5.954	-8.400
5.959	-8.310
5.964	-8.380
5.969	-8.400
5.974	-8.390
5.979	-8.420
5.985	-8.460
5.990	-8.360
5.995	-8.540
6.000	-8.480
6.005	-8.530
6.010	-8.570
6.015	-8.540
6.020	-8.550
6.025	-8.480
6.030	-8.400
6.035	-8.420
6.040	-8.300
6.046	-8.460
6.051	-8.320
6.056	-8.560
6.061	-8.660
6.066	-8.440
6.071	-8.440
6.076	-8.470
6.081	-8.310
6.086	-8.380
6.091	-8.410
6.096	-8.340
6.102	-8.270
6.107	-8.190
6.112	-8.190
6.117	-8.070
6.122	-8.130
6.127	-8.030
6.132	-8.240
6.137	-8.450
6.142	-8.460
6.147	-8.450
6.152	-8.350
6.157	-8.310
6.163	-8.370
6.168	-8.260
6.173	-7.940
6.178	-8.130
6.183	-8.130
6.188	-8.340
6.190	-8.130
6.193	-8.290
6.195	-8.340
6.198	-8.310
6.200	-8.300
6.201	-8.340
6.203	-8.430
6.204	-7.800
6.205	-7.360
6.206	-7.180
6.208	-8.650
6.210	-8.150
6.213	-8.040
6.215	-8.120
6.218	-8.300
6.220	-8.180
6.223	-8.140
6.225	-8.210
6.227	-8.000
6.230	-8.150
6.232	-8.200
6.235	-8.350
6.237	-8.300
6.240	-8.440
6.242	-8.520
6.245	-8.350
6.247	-8.410
6.250	-8.430
6.252	-8.420
6.255	-8.450
6.257	-8.430
6.261	-8.490
6.264	-8.480
6.266	-8.480
6.268	-8.250
6.270	-8.350
6.271	-8.370
6.273	-8.380
6.275	-8.450
6.277	-8.420
6.279	-8.550
6.282	-8.610
6.286	-8.540
6.289	-8.440
6.293	-8.370
6.296	-8.390
6.300	-8.350
6.304	-8.250
6.307	-8.390
6.311	-8.280
6.314	-8.360
6.318	-8.250
6.322	-8.300
6.325	-8.390
6.329	-8.290
6.332	-8.390
6.336	-8.370
6.339	-8.210
6.343	-8.270
6.347	-8.150
6.350	-8.370
6.354	-8.240
6.357	-8.500
6.361	-8.430
6.365	-8.540
6.368	-8.500
6.372	-8.510
6.375	-8.540
6.379	-8.490
6.382	-8.400
6.386	-8.360
6.390	-8.340
6.393	-8.320
6.397	-8.450
6.400	-8.400
6.404	-8.400
6.408	-8.330
6.411	-8.390
6.415	-8.470
6.418	-8.440
6.422	-8.620
6.426	-8.620
6.429	-8.600
6.433	-8.620
6.436	-8.580
6.440	-8.600
6.443	-8.520
6.447	-8.530
6.451	-8.520
6.454	-8.550
6.458	-8.410
6.461	-8.430
6.465	-8.740
6.469	-8.690
6.472	-8.640
6.476	-8.580
6.479	-8.550
6.483	-8.680
6.486	-8.780
6.490	-8.620
6.494	-8.620
6.497	-8.600
6.501	-8.660
6.504	-8.640
6.508	-8.610
6.512	-8.600
6.515	-8.640
6.519	-8.630
6.522	-8.650
6.526	-8.600
6.529	-8.650
6.533	-8.370
6.537	-8.600
6.540	-8.580
6.544	-8.570
6.547	-8.410
6.551	-8.410
6.555	-8.680
6.558	-8.600
6.562	-8.600
6.565	-8.540
6.569	-8.560
6.572	-8.470
6.576	-8.600
6.580	-8.590
6.583	-8.600
6.587	-8.630
6.590	-8.510
6.594	-8.570
6.598	-8.650
6.602	-8.590
6.607	-8.630
6.611	-8.680
6.615	-8.610
6.619	-8.440
6.623	-8.490
6.628	-8.600
6.632	-8.220
6.636	-8.460
6.640	-8.660
6.644	-8.790
6.649	-8.720
6.653	-8.700
6.657	-8.640
6.661	-8.770
6.665	-8.740
6.670	-8.670
6.674	-8.650
6.678	-8.510
6.682	-8.510
6.686	-8.330
6.691	-8.560
6.695	-8.570
6.699	-8.700
6.703	-8.530
6.707	-8.620
6.712	-8.540
6.716	-8.430
6.720	-8.440
6.724	-8.510
6.728	-8.520
6.733	-8.780
6.737	-8.430
6.741	-8.340
6.745	-8.480
6.749	-8.440
6.754	-8.260
6.758	-8.440
6.762	-8.270
6.767	-8.400
6.772	-8.500
6.777	-8.460
6.782	-8.410
6.787	-8.290
6.792	-8.240
6.797	-8.420
6.802	-8.690
6.806	-8.600
6.809	-8.740
6.811	-8.670
6.814	-8.710
6.816	-8.650
6.819	-8.650
6.821	-8.700
6.824	-8.740
6.826	-8.540
6.829	-8.460
6.831	-8.530
6.834	-8.690
6.836	-8.700
6.839	-8.700
6.841	-8.710
6.844	-8.760
6.846	-8.620
6.848	-8.710
6.851	-8.590
6.853	-8.680
6.856	-8.640
6.858	-8.810
6.861	-8.780
6.863	-8.770
6.866	-8.640
6.868	-8.880
6.871	-8.710
6.873	-8.820
6.876	-8.700
6.878	-8.790
6.881	-8.630
6.883	-8.550
6.886	-8.570
6.888	-8.530
6.890	-8.440
6.893	-8.660
6.895	-8.560
6.898	-8.740
6.900	-8.550
6.903	-8.500
6.905	-8.440
6.908	-8.730
6.910	-8.670
6.913	-8.760
6.915	-8.570
6.918	-8.720
6.920	-8.620
6.923	-8.740
6.925	-8.550
6.927	-8.790
6.930	-8.760
6.932	-8.800
6.935	-8.660
6.937	-8.810
6.940	-8.740
6.942	-8.870
6.945	-8.790
6.947	-8.830
6.950	-8.970
6.952	-8.920
6.955	-8.900
6.957	-8.770
6.960	-8.870
6.962	-8.930
6.965	-8.910
6.967	-9.010
6.969	-8.930
6.972	-8.940
6.974	-8.900
6.977	-9.070
6.979	-9.020
6.982	-9.060
6.984	-8.980
6.987	-9.050
6.989	-9.040
6.992	-8.990
6.994	-9.000
6.997	-8.990
6.999	-9.050
7.002	-9.000
7.004	-8.970
7.007	-8.970
7.009	-9.070
7.012	-9.140
7.015	-9.080
7.018	-9.090
7.021	-9.050
7.023	-9.050
7.026	-8.880
7.032	-8.940
7.038	-8.920
7.044	-8.890
7.049	-8.910
7.055	-8.760
7.061	-8.800
7.067	-8.840
7.072	-8.860
7.078	-8.830
7.084	-8.800
7.090	-8.870
7.095	-8.960
7.101	-9.100
7.107	-8.930
7.113	-8.970
7.118	-8.970
7.124	-8.860
7.130	-8.970
7.136	-8.850
7.141	-8.720
7.147	-8.880
7.153	-8.800
7.159	-8.790
7.164	-8.730
7.170	-8.830
7.176	-8.810
7.182	-8.760
7.187	-8.730
7.193	-8.690
7.199	-8.660
7.205	-8.460
7.210	-8.570
7.216	-8.600
7.222	-8.530
7.228	-8.270
7.233	-8.200
7.239	-8.690
7.245	-8.450
7.251	-8.460
7.256	-8.420
7.262	-8.370
7.268	-8.360
7.274	-8.360
7.279	-8.540
7.285	-8.490
7.291	-8.520
7.297	-8.610
7.302	-8.670
7.308	-8.700
7.314	-8.650
7.320	-8.670
7.325	-8.540
7.331	-8.310
7.337	-8.480
7.343	-8.600
7.348	-8.690
7.354	-8.670
7.360	-8.680
7.366	-8.770
7.371	-8.730
7.377	-8.550
7.383	-8.470
7.389	-8.830
7.394	-8.830
7.400	-8.740
7.406	-8.850
7.412	-8.680
7.417	-8.810
7.423	-8.680
7.429	-8.770
7.435	-8.710
7.440	-8.710
7.446	-8.470
7.452	-8.580
7.458	-8.740
7.463	-8.600
7.469	-8.650
7.475	-8.850
7.481	-8.510
7.486	-8.710
7.492	-8.710
7.499	-8.690
7.505	-8.600
7.512	-8.570
7.519	-8.610
7.525	-8.630
7.532	-8.700
7.539	-8.570
7.545	-8.650
7.552	-8.610
7.558	-8.680
7.565	-8.730
7.572	-8.680
7.578	-8.770
7.585	-8.960
7.592	-9.090
7.598	-8.850
7.605	-8.690
7.612	-8.540
7.618	-8.650
7.625	-8.910
7.632	-8.910
7.638	-8.900
7.645	-8.880
7.652	-8.880
7.658	-8.840
7.665	-8.950
7.671	-8.900
7.678	-8.720
7.685	-8.730
7.691	-8.510
7.698	-8.560
7.705	-8.380
7.711	-8.330
7.718	-8.240
7.723	-8.550
7.728	-8.500
7.733	-8.640
7.738	-8.610
7.743	-8.640
7.747	-8.760
7.752	-8.670
7.757	-8.830
7.762	-8.820
7.767	-8.850
7.772	-8.850
7.777	-8.840
7.782	-8.840
7.787	-8.730
7.792	-8.690
7.797	-8.710
7.801	-8.780
7.806	-8.760
7.811	-8.680
7.816	-8.780
7.821	-8.700
7.826	-8.720
7.831	-8.730
7.836	-8.820
7.841	-8.900
7.846	-8.850
7.850	-8.950
7.855	-8.860
7.860	-8.850
7.865	-8.930
7.868	-8.690
7.870	-8.730
7.873	-8.630
7.875	-8.710
7.879	-8.710
7.883	-8.620
7.887	-8.570
7.891	-8.650
7.895	-8.590
7.900	-8.740
7.904	-8.720
7.908	-8.850
7.912	-8.730
7.916	-8.780
7.920	-8.600
7.924	-8.580
7.928	-8.640
7.932	-8.790
7.936	-8.640
7.940	-8.720
7.944	-8.650
7.949	-8.810
7.953	-8.780
7.957	-8.780
7.961	-8.710
7.965	-8.840
7.969	-8.730
7.973	-8.700
7.977	-8.640
7.981	-8.810
7.985	-8.650
7.989	-8.780
7.993	-8.620
7.998	-8.620
8.002	-8.570
8.006	-8.370
8.010	-7.940
8.014	-7.960
8.018	-7.970
8.022	-8.100
8.026	-8.210
8.030	-8.280
8.034	-8.270
8.038	-8.400
8.042	-8.530
8.046	-8.410
8.050	-8.390
8.054	-8.250
8.058	-8.430
8.062	-8.500
8.066	-8.490
8.070	-8.370
8.074	-8.570
8.078	-8.490
8.082	-8.410
8.086	-8.340
8.090	-8.510
8.094	-8.350
8.098	-8.470
8.102	-8.480
8.106	-8.550
8.110	-8.500
8.114	-8.570
8.118	-8.370
8.122	-8.780
8.125	-8.330
8.129	-8.660
8.133	-8.420
8.136	-8.660
8.140	-8.560
8.143	-8.690
8.147	-8.340
8.151	-8.480
8.154	-8.260
8.158	-8.640
8.162	-8.480
8.169	-8.490
8.172	-8.190
8.176	-8.380
8.179	-8.220
8.184	-8.270
8.186	-8.270
8.191	-8.130
8.194	-8.270
8.198	-8.140
8.201	-8.280
8.205	-8.480
8.208	-8.160
8.213	-8.240
8.216	-8.240
8.220	-8.200
8.223	-8.390
8.227	-8.260
8.230	-8.190
8.234	-8.450
8.237	-8.350
8.242	-8.350
8.245	-8.270
8.249	-8.300
8.251	-8.480
8.253	-8.410
8.254	-8.430
8.257	-8.480
8.258	-8.610
8.261	-8.450
8.262	-8.530
8.264	-8.460
8.266	-8.480
8.268	-8.510
8.270	-8.520
8.272	-8.640
8.276	-8.670
8.280	-8.630
8.284	-8.750
8.288	-8.780
8.291	-8.770
8.295	-8.780
8.299	-8.800
8.303	-8.880
8.307	-8.990
8.311	-8.880
8.315	-8.980
8.318	-8.880
8.322	-8.820
8.326	-8.830
8.330	-8.540
8.334	-8.580
8.338	-8.690
8.342	-8.660
8.346	-8.670
8.349	-8.460
8.353	-8.560
8.357	-8.720
8.361	-8.830
8.365	-8.880
8.369	-8.780
8.373	-8.830
8.376	-8.830
8.380	-8.790
8.384	-8.740
8.388	-8.800
8.392	-8.690
8.396	-8.540
8.400	-8.680
8.403	-8.650
8.407	-8.620
8.411	-8.600
8.415	-8.710
8.419	-8.730
8.423	-8.680
8.427	-8.870
8.430	-8.800
8.434	-8.820
8.438	-8.830
8.442	-8.710
8.447	-8.690
8.453	-8.810
8.458	-8.830
8.464	-8.670
8.469	-8.800
8.474	-8.770
8.480	-8.780
8.485	-8.710
8.491	-8.650
8.496	-8.870
8.502	-9.010
8.507	-8.970
8.512	-9.000
8.518	-9.010
8.523	-8.850
8.529	-8.810
8.534	-8.600
8.539	-8.720
8.545	-8.690
8.550	-8.810
8.556	-8.600
8.561	-8.950
8.567	-8.800
8.572	-8.900
8.577	-8.750
8.583	-8.800
8.588	-8.800
8.594	-8.790
8.599	-8.840
8.604	-8.720
8.610	-8.780
8.615	-8.650
8.621	-8.840
8.626	-8.730
8.631	-8.770
8.637	-8.650
8.642	-8.740
8.648	-8.600
8.653	-8.650
8.659	-8.460
8.664	-8.620
8.669	-8.690
8.675	-8.630
8.680	-8.590
8.686	-8.630
8.691	-8.580
8.693	-8.330
8.695	-8.840
8.698	-8.790
8.700	-8.800
8.702	-8.870
8.704	-8.790
8.706	-8.810
8.709	-8.840
8.711	-8.720
8.713	-8.670
8.715	-8.760
8.718	-8.760
8.720	-8.720
8.722	-8.690
8.724	-8.710
8.726	-8.780
8.729	-8.790
8.731	-8.710
8.733	-8.590
8.735	-8.810
8.737	-8.740
8.740	-8.850
8.742	-8.610
8.744	-8.670
8.746	-8.720
8.749	-8.740
8.751	-8.700
8.753	-8.860
8.755	-8.960
8.757	-9.010
8.760	-8.910
8.762	-9.020
8.764	-8.900
8.766	-9.010
8.768	-8.830
8.771	-8.970
8.773	-9.020
8.775	-8.920
8.777	-8.940
8.779	-8.920
8.782	-8.970
8.784	-8.930
8.786	-8.980
8.788	-8.990
8.791	-8.940
8.793	-8.920
8.795	-8.860
8.797	-8.780
8.799	-8.750
8.802	-8.800
8.804	-8.710
8.806	-8.750
8.808	-8.670
8.810	-8.660
8.813	-8.600
8.815	-8.630
8.817	-8.540
8.819	-8.590
8.822	-8.470
8.824	-8.470
8.826	-8.580
8.828	-8.630
8.830	-8.680
8.833	-8.650
8.835	-8.690
8.837	-8.570
8.839	-8.650
8.841	-8.460
8.844	-8.790
8.846	-8.630
8.848	-8.500
