% Y. Wang et al. The Holocene Asian Monsoon: Links to Solar Changes 
%     and North Atlantic Climate. Science, 2005. DOI: 10.1126/science.1106296

% NB. Age is in kilo-years before 1950.

%TunedAge     	d18O
-0.0500		-7.1800
-0.0410		-7.3200
-0.0310		-7.1000
-0.0200		-7.2800
-0.0090		-7.2700
-0.0040		-7.5200
0.0000		-7.5300
0.0050		-8.0700
0.0120		-8.1400
0.0190		-7.7600
0.0270		-7.5300
0.0300		-7.5200
0.0340		-7.6700
0.0380		-7.5600
0.0410		-7.7100
0.0450		-7.4900
0.0480		-7.8100
0.0520		-7.6100
0.0560		-8.0900
0.0590		-7.6500
0.0630		-7.8400
0.0660		-7.4200
0.0690		-7.4700
0.0700		-7.9700
0.0710		-7.7700
0.0740		-7.6100
0.0770		-7.8200
0.0810		-7.5100
0.0840		-8.0000
0.0880		-7.4900
0.0920		-7.7000
0.0950		-7.5100
0.0990		-7.7800
0.1030		-7.6900
0.1060		-7.9100
0.1100		-7.7200
0.1130		-7.5800
0.1170		-7.5400
0.1210		-7.5700
0.1240		-7.5400
0.1280		-7.9200
0.1310		-7.4400
0.1350		-7.7100
0.1360		-7.5700
0.1380		-7.4900
0.1410		-7.6600
0.1440		-8.0800
0.1470		-7.5900
0.1500		-7.5700
0.1530		-7.7500
0.1560		-7.7700
0.1590		-7.8400
0.1610		-6.9900
0.1640		-7.6400
0.1670		-7.6700
0.1700		-7.5300
0.1730		-7.6200
0.1760		-7.6300
0.1790		-7.8900
0.1820		-7.5700
0.1850		-7.1900
0.1880		-7.3700
0.1910		-7.5900
0.1940		-7.4700
0.1970		-7.5800
0.2000		-7.5700
0.2030		-7.1900
0.2060		-7.0700
0.2090		-7.6200
0.2110		-7.6500
0.2140		-7.4300
0.2170		-7.6800
0.2200		-7.6600
0.2230		-7.4100
0.2260		-7.0800
0.2290		-7.2000
0.2320		-7.4800
0.2350		-7.1600
0.2390		-7.2100
0.2430		-7.1900
0.2470		-7.3100
0.2520		-7.5200
0.2560		-7.2500
0.2600		-7.4400
0.2640		-7.5500
0.2680		-7.5900
0.2720		-7.4400
0.2770		-7.1700
0.2810		-7.3400
0.2850		-7.4900
0.2890		-7.6700
0.2930		-7.3200
0.2970		-7.3900
0.3010		-7.1800
0.3060		-6.9600
0.3100		-7.3800
0.3140		-7.1900
0.3180		-7.3500
0.3220		-7.5200
0.3260		-7.4400
0.3300		-7.2100
0.3350		-7.6000
0.3390		-7.4700
0.3430		-7.2100
0.3470		-7.4600
0.3510		-7.4000
0.3550		-7.6100
0.3600		-7.2600
0.3640		-7.0000
0.3680		-6.9500
0.3720		-6.6400
0.3760		-7.1400
0.3800		-7.2600
0.3840		-7.2900
0.3890		-7.2100
0.3930		-7.4100
0.3970		-7.4300
0.4010		-7.3900
0.4050		-7.3500
0.4090		-7.4700
0.4130		-7.1900
0.4180		-7.0500
0.4220		-7.3700
0.4260		-7.2000
0.4300		-7.3400
0.4340		-7.1900
0.4380		-7.3100
0.4430		-6.9800
0.4470		-7.0200
0.4510		-7.1000
0.4550		-7.1500
0.4590		-7.2400
0.4630		-7.1300
0.4670		-6.6600
0.4710		-7.2600
0.4750		-7.4700
0.4790		-7.3000
0.4830		-7.1500
0.4870		-7.2100
0.4910		-7.2300
0.4950		-7.5600
0.4990		-7.3900
0.5030		-6.7400
0.5070		-7.0800
0.5110		-6.9200
0.5150		-7.1600
0.5190		-7.4000
0.5230		-7.0900
0.5270		-7.1200
0.5310		-6.9400
0.5350		-6.6500
0.5390		-7.5700
0.5430		-7.7100
0.5470		-7.2700
0.5510		-7.2300
0.5550		-7.4800
0.5590		-7.3700
0.5630		-7.3900
0.5670		-7.3800
0.5710		-7.4600
0.5750		-7.3100
0.5790		-7.2100
0.5830		-7.3200
0.5870		-7.3000
0.5910		-7.2100
0.5950		-7.2400
0.5990		-7.2800
0.6030		-7.1600
0.6070		-7.1700
0.6090		-7.2800
0.6110		-7.1000
0.6150		-7.1100
0.6180		-7.1400
0.6200		-7.2000
0.6260		-7.5400
0.6290		-7.4300
0.6310		-7.4700
0.6370		-7.5000
0.6390		-7.4300
0.6420		-7.3500
0.6480		-7.2600
0.6500		-7.2800
0.6530		-7.2300
0.6580		-7.2900
0.6610		-7.2700
0.6640		-7.1500
0.6690		-7.5600
0.6720		-7.6100
0.6750		-7.4800
0.6800		-7.2400
0.6830		-7.4200
0.6860		-7.4100
0.6910		-7.7400
0.6940		-7.6000
0.6960		-7.7500
0.7020		-7.6300
0.7050		-7.6400
0.7070		-7.5500
0.7130		-7.5900
0.7150		-7.6100
0.7180		-7.6100
0.7240		-7.3600
0.7260		-7.4400
0.7290		-7.3800
0.7340		-7.3500
0.7370		-7.2700
0.7400		-7.2500
0.7450		-7.5200
0.7480		-7.1700
0.7510		-7.4000
0.7560		-7.2100
0.7590		-7.2900
0.7620		-7.1900
0.7670		-6.9900
0.7700		-7.1200
0.7720		-7.0800
0.7780		-7.1100
0.7810		-7.2700
0.7830		-7.1700
0.7890		-7.0800
0.7910		-7.1900
0.7940		-7.2400
0.8000		-7.2100
0.8020		-7.2800
0.8050		-7.5300
0.8110		-7.4100
0.8180		-7.3100
0.8240		-7.2400
0.8300		-7.2100
0.8360		-7.3200
0.8430		-7.2700
0.8490		-7.0500
0.8550		-7.1200
0.8610		-7.3100
0.8680		-7.1900
0.8740		-7.3800
0.8800		-7.4000
0.8860		-7.1600
0.8930		-7.3000
0.8990		-7.2100
0.9050		-6.8700
0.9110		-7.2200
0.9170		-7.1500
0.9220		-7.3800
0.9280		-7.3700
0.9340		-7.1200
0.9400		-7.1600
0.9460		-7.3200
0.9510		-7.4600
0.9570		-7.2500
0.9630		-6.7800
0.9690		-7.1200
0.9740		-7.1800
0.9800		-7.4400
0.9860		-7.2000
0.9920		-7.2200
0.9980		-7.3400
1.0030		-7.2300
1.0090		-7.3900
1.0150		-7.5000
1.0180		-7.0100
1.0200		-7.2100
1.0230		-7.3300
1.0260		-7.2800
1.0290		-7.2600
1.0310		-7.2400
1.0340		-7.2600
1.0370		-7.2000
1.0400		-6.9800
1.0420		-7.1100
1.0450		-7.1100
1.0480		-7.0600
1.0510		-7.2900
1.0550		-7.4000
1.0580		-7.4300
1.0610		-7.5700
1.0640		-7.5500
1.0680		-7.4500
1.0710		-7.2800
1.0740		-7.4900
1.0770		-7.4600
1.0810		-7.0800
1.0840		-7.4500
1.0870		-7.5000
1.0900		-7.2200
1.0940		-7.0400
1.0970		-7.1500
1.1000		-7.0700
1.1030		-7.3100
1.1070		-7.5800
1.1100		-7.3300
1.1130		-7.4400
1.1160		-7.6000
1.1200		-7.5100
1.1230		-7.1700
1.1260		-7.2100
1.1290		-7.0500
1.1330		-7.3800
1.1360		-7.1800
1.1390		-7.6900
1.1420		-7.3300
1.1460		-7.4500
1.1490		-7.3100
1.1520		-7.3700
1.1550		-7.4400
1.1590		-7.2900
1.1620		-7.2700
1.1650		-6.7600
1.1690		-7.1700
1.1730		-7.4600
1.1770		-7.5500
1.1790		-7.4700
1.1810		-7.2700
1.1830		-7.2700
1.1850		-7.4900
1.1870		-7.5200
1.1880		-7.5400
1.1900		-7.3500
1.1920		-7.2100
1.1940		-7.2100
1.1960		-7.2000
1.1980		-7.3200
1.2000		-7.3600
1.2020		-7.3600
1.2040		-7.3500
1.2060		-7.3400
1.2080		-7.4800
1.2100		-7.4500
1.2120		-7.3600
1.2140		-7.2000
1.2160		-7.1800
1.2180		-7.2500
1.2200		-7.2600
1.2220		-7.4200
1.2240		-7.4500
1.2280		-7.4600
1.2320		-7.4300
1.2350		-7.5100
1.2390		-7.0200
1.2430		-7.3100
1.2470		-7.3900
1.2510		-7.0900
1.2550		-6.9800
1.2610		-7.1300
1.2680		-7.0800
1.2740		-7.4300
1.2800		-7.5600
1.2860		-7.3600
1.2930		-7.2600
1.2990		-7.4000
1.3050		-7.3300
1.3120		-7.2800
1.3180		-7.2900
1.3240		-7.5400
1.3310		-7.3900
1.3370		-7.2200
1.3430		-7.4500
1.3490		-7.3200
1.3560		-7.1200
1.3620		-7.3700
1.3680		-7.3400
1.3750		-7.4900
1.3810		-7.4200
1.3870		-7.2900
1.3940		-6.8800
1.4000		-6.8900
1.4060		-7.1200
1.4120		-7.0100
1.4190		-7.0200
1.4250		-7.6200
1.4290		-7.4700
1.4340		-7.1600
1.4380		-6.9500
1.4430		-7.0100
1.4470		-7.3800
1.4520		-7.2800
1.4560		-7.1000
1.4610		-6.9800
1.4650		-7.2900
1.4690		-7.2200
1.4740		-6.8400
1.4780		-6.9000
1.4830		-7.1900
1.4870		-7.2500
1.4920		-7.1200
1.4960		-7.2400
1.5010		-7.0100
1.5050		-6.9000
1.5090		-7.0200
1.5130		-6.8500
1.5160		-6.9300
1.5200		-7.3100
1.5240		-7.1500
1.5280		-7.2700
1.5320		-7.4100
1.5360		-7.3000
1.5390		-7.0600
1.5430		-7.1800
1.5470		-6.8500
1.5510		-7.0200
1.5550		-7.0200
1.5590		-7.2900
1.5620		-7.2700
1.5660		-7.3000
1.5700		-7.2800
1.5740		-7.3800
1.5780		-6.9800
1.5820		-7.2200
1.5850		-7.3900
1.5890		-7.0400
1.5930		-7.1800
1.5970		-6.9400
1.6010		-7.3500
1.6050		-7.4100
1.6080		-7.4500
1.6120		-7.3800
1.6160		-7.2600
1.6200		-7.0900
1.6240		-7.2600
1.6280		-7.3700
1.6310		-7.3600
1.6350		-7.2600
1.6390		-7.3300
1.6430		-7.0900
1.6470		-7.2800
1.6510		-7.2000
1.6540		-7.1600
1.6580		-7.2200
1.6620		-7.5000
1.6660		-7.5000
1.6700		-7.2200
1.6740		-7.3800
1.6770		-7.3200
1.6810		-7.3800
1.6850		-6.9600
1.6890		-7.1600
1.6930		-7.2500
1.6970		-7.1400
1.7010		-7.2700
1.7050		-7.2300
1.7090		-7.2900
1.7130		-7.2300
1.7170		-7.2000
1.7200		-7.2000
1.7240		-7.3100
1.7280		-7.4000
1.7320		-7.5500
1.7360		-7.1800
1.7400		-7.3400
1.7440		-7.2200
1.7480		-7.5400
1.7520		-7.5700
1.7560		-7.5700
1.7600		-7.5200
1.7640		-7.4000
1.7680		-7.5400
1.7720		-7.4200
1.7760		-7.4700
1.7800		-7.4800
1.7830		-7.5500
1.7870		-7.6200
1.7910		-7.5200
1.7950		-7.4300
1.7990		-7.2900
1.8030		-7.4500
1.8070		-7.6200
1.8110		-7.5600
1.8150		-7.0600
1.8170		-7.2800
1.8190		-7.4100
1.8220		-7.4100
1.8240		-7.3200
1.8260		-7.3800
1.8280		-7.3100
1.8310		-7.3300
1.8330		-7.4300
1.8350		-7.2700
1.8370		-7.4400
1.8390		-7.4200
1.8420		-7.1400
1.8440		-7.4100
1.8460		-7.2100
1.8480		-7.3200
1.8510		-7.3000
1.8530		-7.2000
1.8550		-6.8200
1.8590		-7.2800
1.8630		-7.4200
1.8680		-7.4900
1.8720		-7.4500
1.8760		-7.4100
1.8800		-7.3800
1.8840		-7.3400
1.8890		-7.3300
1.8930		-7.4000
1.8970		-7.4000
1.9010		-7.3200
1.9050		-7.2900
1.9100		-7.4800
1.9140		-7.4000
1.9180		-7.5200
1.9220		-7.4900
1.9260		-7.2500
1.9300		-7.5300
1.9350		-7.4100
1.9390		-7.4600
1.9430		-7.6400
1.9470		-7.6700
1.9510		-7.6600
1.9560		-7.6100
1.9600		-7.4600
1.9640		-7.3000
1.9680		-7.3300
1.9720		-7.3300
1.9770		-7.3200
1.9810		-7.3200
1.9850		-7.1600
1.9890		-7.3700
1.9930		-7.5600
1.9970		-7.4200
2.0010		-7.4400
2.0050		-7.4200
2.0100		-7.5200
2.0140		-7.4800
2.0180		-7.4400
2.0220		-7.3400
2.0260		-7.4300
2.0300		-7.4500
2.0340		-7.4800
2.0380		-7.5100
2.0420		-7.4700
2.0460		-7.4000
2.0500		-7.3600
2.0550		-7.4400
2.0590		-7.4000
2.0630		-7.3500
2.0670		-7.4900
2.0710		-7.4700
2.0750		-7.4500
2.0790		-7.2600
2.0830		-7.4600
2.0870		-7.6000
2.0910		-7.5600
2.0950		-7.6400
2.1000		-7.6600
2.1040		-7.6600
2.1080		-7.6100
2.1120		-7.2900
2.1160		-7.5900
2.1200		-7.6300
2.1240		-7.5100
2.1280		-7.4900
2.1320		-7.3700
2.1360		-7.4600
2.1400		-7.3300
2.1450		-7.4400
2.1490		-7.5400
2.1530		-7.4500
2.1570		-7.5500
2.1610		-7.6300
2.1650		-7.7300
2.1680		-7.6300
2.1710		-7.5400
2.1740		-7.4500
2.1770		-7.4900
2.1790		-7.4400
2.1820		-7.3400
2.1850		-7.4000
2.1880		-7.3800
2.1910		-7.4100
2.1940		-7.5300
2.1970		-7.6600
2.2000		-7.6000
2.2030		-7.6100
2.2050		-7.4600
2.2080		-7.4400
2.2110		-7.6700
2.2140		-7.6200
2.2170		-7.6000
2.2200		-7.5500
2.2230		-7.6400
2.2260		-7.6600
2.2290		-7.5000
2.2310		-7.5600
2.2340		-7.6200
2.2370		-7.6500
2.2400		-7.3800
2.2430		-7.2400
2.2460		-7.4800
2.2490		-7.5500
2.2520		-7.5700
2.2550		-7.7500
2.2570		-7.6600
2.2600		-7.6000
2.2630		-7.5500
2.2660		-7.5700
2.2690		-7.5400
2.2720		-7.3400
2.2750		-7.3800
2.2780		-7.5500
2.2810		-7.3500
2.2830		-7.4300
2.2860		-7.4100
2.2890		-7.4200
2.2920		-7.3200
2.2950		-7.1300
2.3000		-7.2100
2.3060		-7.4300
2.3110		-7.1900
2.3170		-7.2300
2.3220		-7.5300
2.3270		-7.3100
2.3330		-7.1700
2.3380		-7.3700
2.3430		-7.3400
2.3490		-7.3900
2.3540		-7.5400
2.3600		-7.5700
2.3650		-7.6700
2.3740		-7.5900
2.3820		-7.7100
2.3910		-7.5800
2.3990		-7.4900
2.4080		-7.5200
2.4160		-7.4600
2.4250		-7.4900
2.4330		-7.4900
2.4420		-7.4100
2.4500		-7.7500
2.4590		-7.5300
2.4670		-7.4400
2.4760		-7.2900
2.4840		-7.4500
2.4930		-7.4100
2.5010		-7.3900
2.5100		-7.3200
2.5180		-7.3700
2.5270		-7.5300
2.5350		-7.5900
2.5390		-7.4100
2.5420		-7.3000
2.5460		-7.3100
2.5490		-7.2300
2.5530		-7.3600
2.5560		-7.5200
2.5600		-7.4700
2.5630		-7.4100
2.5670		-7.4900
2.5700		-7.6200
2.5740		-7.4100
2.5780		-7.3100
2.5810		-7.1900
2.5850		-7.3400
2.5880		-7.5200
2.5920		-7.5200
2.5950		-7.5200
2.5990		-7.5900
2.6020		-7.5100
2.6060		-7.5600
2.6090		-7.6200
2.6130		-7.3900
2.6160		-7.4600
2.6200		-7.4200
2.6240		-7.4500
2.6270		-7.5400
2.6310		-7.4700
2.6340		-7.5500
2.6380		-7.4600
2.6410		-7.5200
2.6450		-7.4600
2.6480		-7.4800
2.6520		-7.4800
2.6550		-7.4300
2.6590		-7.4600
2.6630		-7.4500
2.6660		-7.1600
2.6700		-7.2600
2.6730		-7.4900
2.6770		-7.3100
2.6800		-7.2500
2.6840		-7.1100
2.6870		-7.2300
2.6910		-7.0000
2.6940		-7.2600
2.6980		-7.0900
2.7010		-7.2100
2.7050		-6.9800
2.7070		-7.3200
2.7090		-7.2200
2.7120		-7.2000
2.7140		-7.2500
2.7160		-7.2100
2.7180		-7.2100
2.7200		-7.3200
2.7230		-7.0800
2.7250		-7.2600
2.7290		-7.3800
2.7340		-7.4000
2.7380		-7.4900
2.7420		-7.4700
2.7470		-7.3700
2.7510		-7.1500
2.7550		-7.4900
2.7600		-7.4000
2.7640		-7.5400
2.7690		-7.1500
2.7730		-7.3200
2.7770		-7.3100
2.7820		-7.4000
2.7860		-7.5100
2.7910		-7.5200
2.7950		-7.6400
2.8020		-7.5800
2.8080		-7.3100
2.8150		-7.3800
2.8210		-7.3100
2.8280		-7.6400
2.8350		-7.6400
2.8410		-7.3900
2.8480		-7.6300
2.8540		-7.4700
2.8610		-7.4500
2.8680		-7.4000
2.8740		-7.6300
2.8810		-7.7600
2.8870		-7.6300
2.8940		-7.7500
2.9000		-7.6200
2.9070		-7.5600
2.9140		-7.4400
2.9200		-7.5400
2.9270		-7.4700
2.9330		-7.4600
2.9400		-7.2300
2.9470		-7.6600
2.9530		-7.6200
2.9600		-7.6600
2.9660		-7.7000
2.9730		-7.7800
2.9800		-7.7200
2.9860		-7.6100
2.9930		-7.6400
2.9990		-7.7800
3.0060		-7.8100
3.0130		-7.8000
3.0190		-7.7700
3.0260		-7.8100
3.0320		-7.7200
3.0390		-7.8500
3.0450		-7.8100
3.0520		-7.6000
3.0590		-7.4700
3.0650		-7.1400
3.0720		-7.3100
3.0780		-7.5100
3.0850		-7.8700
3.0920		-7.8100
3.0990		-7.6500
3.1060		-7.7300
3.1120		-7.6000
3.1190		-7.7000
3.1260		-7.6600
3.1330		-7.7300
3.1400		-7.7000
3.1470		-7.6400
3.1530		-7.7600
3.1600		-7.7800
3.1670		-7.6400
3.1740		-7.5600
3.1810		-7.5100
3.1880		-7.4900
3.1940		-7.7700
3.2010		-7.6000
3.2080		-7.5700
3.2150		-7.8500
3.2190		-7.8100
3.2230		-7.7900
3.2280		-7.7200
3.2320		-7.7000
3.2360		-7.5200
3.2400		-7.4600
3.2440		-7.6400
3.2480		-7.6500
3.2530		-7.7600
3.2570		-7.7300
3.2610		-7.7900
3.2650		-7.6600
3.2690		-7.7500
3.2730		-7.8100
3.2780		-7.8000
3.2820		-7.6300
3.2860		-7.7800
3.2900		-7.6700
3.2940		-7.7400
3.2980		-7.7100
3.3030		-7.7200
3.3070		-7.5800
3.3110		-7.4500
3.3150		-7.2200
3.3190		-7.3700
3.3220		-7.6000
3.3260		-7.7500
3.3290		-7.5600
3.3330		-7.5300
3.3360		-7.4200
3.3400		-7.5900
3.3430		-7.7100
3.3470		-7.5200
3.3500		-7.6100
3.3540		-7.5400
3.3580		-7.3900
3.3610		-7.5400
3.3650		-7.7400
3.3680		-7.6200
3.3720		-7.6800
3.3750		-7.6800
3.3790		-7.6000
3.3820		-7.6100
3.3860		-7.6800
3.3890		-7.8700
3.3930		-7.7800
3.3960		-7.7900
3.4000		-7.6600
3.4050		-7.6800
3.4110		-7.7200
3.4160		-7.7400
3.4210		-7.7700
3.4270		-7.7900
3.4320		-7.6700
3.4370		-7.6900
3.4430		-7.6400
3.4480		-7.7000
3.4530		-7.8000
3.4580		-7.7500
3.4640		-7.7200
3.4690		-7.7700
3.4740		-7.8300
3.4800		-7.7700
3.4850		-7.8800
3.4930		-7.7900
3.5010		-7.7900
3.5080		-7.8600
3.5160		-7.7100
3.5240		-7.8500
3.5320		-7.6500
3.5390		-7.8500
3.5470		-7.9400
3.5550		-7.7400
3.5630		-7.7500
3.5710		-7.7200
3.5780		-7.6800
3.5860		-7.7800
3.5940		-7.6800
3.6020		-7.7900
3.6090		-7.6500
3.6170		-7.7500
3.6250		-7.5300
3.6290		-7.7000
3.6330		-7.8400
3.6370		-7.6700
3.6410		-7.7200
3.6450		-7.9500
3.6490		-7.7400
3.6540		-7.7100
3.6580		-7.6600
3.6620		-7.7200
3.6660		-7.6400
3.6710		-7.5600
3.6750		-7.4500
3.6770		-7.7800
3.6800		-7.6200
3.6820		-7.7400
3.6850		-7.6900
3.6870		-7.8300
3.6890		-7.6400
3.6920		-7.6800
3.6940		-7.6300
3.6970		-7.7900
3.6990		-7.5200
3.7010		-7.6200
3.7040		-7.7600
3.7060		-7.7400
3.7090		-7.7800
3.7110		-7.5800
3.7130		-7.8600
3.7160		-7.6600
3.7180		-7.7500
3.7210		-7.8400
3.7230		-7.8000
3.7250		-7.6700
3.7280		-7.8000
3.7300		-7.7800
3.7330		-7.8900
3.7350		-7.9000
3.7410		-7.8600
3.7470		-7.8700
3.7530		-7.7500
3.7580		-7.8200
3.7640		-7.8800
3.7700		-7.6600
3.7760		-7.8200
3.7820		-7.9100
3.7880		-7.9500
3.7930		-7.9700
3.7990		-7.5000
3.8050		-7.6100
3.8090		-7.8700
3.8130		-7.9000
3.8170		-7.9700
3.8200		-7.9200
3.8240		-7.4900
3.8280		-7.9800
3.8320		-7.8600
3.8360		-7.9100
3.8390		-8.0500
3.8430		-7.9700
3.8470		-7.9300
3.8510		-7.7500
3.8550		-7.8300
3.8590		-7.7100
3.8620		-8.0800
3.8660		-7.6900
3.8700		-7.9900
3.8740		-7.8800
3.8780		-7.8700
3.8820		-7.9600
3.8850		-7.8600
3.8890		-7.9800
3.8930		-8.0800
3.8970		-8.0000
3.9010		-8.1900
3.9050		-8.1300
3.9080		-8.1800
3.9120		-8.0700
3.9160		-8.1100
3.9200		-8.1500
3.9240		-8.0900
3.9280		-7.9900
3.9310		-8.0800
3.9350		-7.9900
3.9390		-7.8400
3.9430		-7.9400
3.9470		-8.0500
3.9510		-8.0800
3.9540		-7.7700
3.9580		-7.7800
3.9620		-7.9600
3.9660		-7.7800
3.9700		-7.7400
3.9740		-7.8500
3.9770		-7.8100
3.9810		-7.7300
3.9850		-7.5300
3.9890		-7.7200
3.9930		-7.8300
3.9970		-7.8200
4.0000		-7.8400
4.0040		-7.7300
4.0080		-7.8400
4.0120		-7.7200
4.0160		-7.7900
4.0200		-7.6700
4.0230		-7.8500
4.0270		-7.8900
4.0310		-7.5200
4.0350		-7.6100
4.0390		-7.7100
4.0430		-8.0300
4.0460		-7.9600
4.0500		-7.9400
4.0540		-7.7700
4.0580		-7.9600
4.0620		-7.8500
4.0660		-7.9100
4.0690		-7.9800
4.0730		-7.9200
4.0770		-8.0200
4.0810		-7.8700
4.0850		-7.9500
4.0890		-7.7000
4.0920		-8.0000
4.0960		-7.9100
4.1000		-7.9700
4.1040		-7.7600
4.1080		-7.3700
4.1120		-7.4800
4.1150		-7.6600
4.1190		-7.7900
4.1230		-7.8600
4.1270		-7.7400
4.1310		-7.8800
4.1350		-7.8300
4.1380		-7.8300
4.1420		-7.8000
4.1460		-7.6500
4.1500		-7.7000
4.1540		-7.6600
4.1580		-7.8700
4.1610		-7.7800
4.1650		-7.8100
4.1690		-7.9300
4.1730		-7.7800
4.1770		-7.7800
4.1810		-7.8400
4.1840		-7.8500
4.1880		-7.8700
4.1920		-7.9700
4.1960		-8.0800
4.2000		-8.0200
4.2040		-8.0400
4.2070		-8.1300
4.2110		-8.0700
4.2150		-8.1600
4.2220		-8.0600
4.2290		-7.9900
4.2360		-8.1000
4.2430		-7.9900
4.2500		-8.0000
4.2570		-7.9600
4.2640		-8.0000
4.2710		-7.7400
4.2780		-7.7600
4.2850		-7.9000
4.2920		-7.8300
4.2980		-7.8500
4.3050		-7.8100
4.3120		-7.8100
4.3190		-7.7200
4.3260		-7.6900
4.3330		-7.8100
4.3400		-7.8100
4.3470		-7.7600
4.3540		-7.6100
4.3610		-7.6900
4.3680		-7.6400
4.3750		-7.6600
4.3810		-8.1600
4.3870		-7.9500
4.3930		-8.2800
4.3990		-7.7900
4.4050		-7.5200
4.4090		-8.0600
4.4130		-8.3800
4.4180		-8.3800
4.4220		-8.3300
4.4260		-8.3900
4.4300		-8.4400
4.4340		-8.3400
4.4380		-8.2300
4.4430		-8.4100
4.4470		-8.2800
4.4510		-8.3700
4.4550		-8.4100
4.4620		-8.3600
4.4680		-8.2200
4.4750		-8.1600
4.4820		-8.3500
4.4880		-8.2200
4.4950		-7.7500
4.4990		-7.9100
4.5040		-8.1100
4.5080		-8.0700
4.5130		-8.2200
4.5170		-8.1300
4.5220		-8.1700
4.5260		-8.1200
4.5310		-8.2000
4.5350		-8.3200
4.5380		-8.2000
4.5400		-8.2100
4.5430		-8.1000
4.5460		-7.9500
4.5490		-8.0100
4.5510		-7.9700
4.5540		-8.0200
4.5570		-8.0700
4.5600		-8.0400
4.5620		-8.0300
4.5650		-7.7100
4.5680		-7.8700
4.5700		-8.0700
4.5730		-8.1300
4.5760		-8.2900
4.5780		-8.1800
4.5810		-8.3100
4.5840		-8.2300
4.5860		-8.0900
4.5890		-8.1900
4.5920		-8.2200
4.5940		-8.1800
4.5970		-8.1400
4.6000		-8.2600
4.6020		-8.1500
4.6050		-8.0200
4.6110		-8.1300
4.6160		-8.1000
4.6220		-8.2200
4.6280		-8.2700
4.6330		-8.1100
4.6390		-8.2600
4.6450		-8.3600
4.6500		-8.3200
4.6560		-8.3500
4.6620		-8.4200
4.6670		-8.1200
4.6730		-8.1000
4.6790		-8.0000
4.6840		-8.2000
4.6900		-8.1400
4.6960		-8.1900
4.7010		-8.2600
4.7070		-8.2500
4.7130		-8.1700
4.7180		-8.2300
4.7240		-8.3200
4.7300		-8.2300
4.7350		-8.2000
4.7410		-8.1000
4.7470		-8.3500
4.7520		-8.2000
4.7580		-8.1300
4.7640		-8.1600
4.7690		-8.0700
4.7750		-7.9800
4.7800		-8.0100
4.7850		-8.0000
4.7890		-8.1100
4.7940		-8.1800
4.7990		-8.1400
4.8040		-8.0400
4.8080		-8.2100
4.8130		-8.0700
4.8180		-8.1300
4.8230		-8.2300
4.8270		-8.1500
4.8320		-8.2200
4.8370		-8.1800
4.8420		-8.1500
4.8460		-8.2100
4.8510		-8.1100
4.8560		-8.2000
4.8610		-8.2200
4.8650		-8.2800
4.8700		-8.3700
4.8750		-8.4400
4.8780		-8.2800
4.8810		-8.1700
4.8850		-8.1000
4.8880		-8.2700
4.8910		-8.0600
4.8940		-8.1200
4.8970		-8.3500
4.9010		-8.3700
4.9040		-8.1400
4.9070		-8.2800
4.9100		-8.2800
4.9130		-7.9300
4.9160		-7.9900
4.9200		-8.3400
4.9230		-8.1400
4.9260		-8.1500
4.9290		-8.1600
4.9320		-8.2900
4.9360		-8.2900
4.9390		-8.2500
4.9420		-8.1400
4.9450		-8.0600
4.9480		-8.0100
4.9520		-8.0100
4.9550		-8.1100
4.9580		-8.0700
4.9610		-8.2400
4.9640		-8.2500
4.9680		-8.2100
4.9710		-8.1000
4.9740		-8.0300
4.9770		-8.0500
4.9800		-8.1300
4.9840		-7.9300
4.9870		-7.8300
4.9900		-8.1000
4.9930		-8.1100
4.9960		-8.1100
4.9990		-8.3600
5.0030		-8.2600
5.0060		-8.1500
5.0090		-8.0500
5.0120		-8.1400
5.0150		-8.1900
5.0190		-8.0100
5.0220		-7.9700
5.0250		-7.9000
5.0320		-8.1100
5.0390		-8.1800
5.0460		-8.3500
5.0530		-8.3000
5.0600		-8.3000
5.0670		-8.3400
5.0740		-8.2200
5.0810		-8.0800
5.0880		-8.4800
5.0950		-8.4400
5.0990		-8.3100
5.1030		-7.9400
5.1070		-8.1000
5.1100		-8.1300
5.1140		-8.1700
5.1180		-8.0800
5.1220		-8.0000
5.1260		-8.2400
5.1300		-8.2700
5.1330		-8.3100
5.1370		-8.3800
5.1410		-8.4000
5.1450		-8.2200
5.1500		-8.3400
5.1550		-8.3400
5.1590		-8.2300
5.1640		-8.2000
5.1690		-8.2900
5.1740		-8.3500
5.1780		-8.3200
5.1830		-8.3800
5.1880		-8.4400
5.1930		-8.4800
5.1980		-8.4300
5.2020		-8.2400
5.2070		-8.3700
5.2120		-8.3600
5.2170		-8.3700
5.2220		-8.2000
5.2260		-8.3500
5.2310		-8.2500
5.2360		-8.2600
5.2410		-7.9900
5.2450		-8.1500
5.2500		-8.3700
5.2550		-8.2900
5.2610		-8.3700
5.2670		-8.1600
5.2730		-8.0900
5.2800		-8.1700
5.2860		-8.3600
5.2920		-8.2900
5.2980		-8.3000
5.3040		-8.2900
5.3100		-8.3400
5.3170		-8.2400
5.3230		-8.3200
5.3290		-8.4100
5.3350		-8.5200
5.3380		-8.3200
5.3420		-8.2700
5.3450		-8.2500
5.3480		-8.3200
5.3520		-8.2900
5.3550		-8.3300
5.3580		-8.2600
5.3620		-8.3700
5.3650		-8.2400
5.3690		-8.3200
5.3720		-8.3100
5.3750		-8.2200
5.3790		-8.2800
5.3820		-8.2000
5.3850		-8.2000
5.3870		-8.0800
5.3880		-8.0400
5.3890		-8.1200
5.3900		-8.0600
5.3910		-7.9800
5.3920		-8.1000
5.3940		-8.0200
5.3950		-8.0900
5.3970		-8.0900
5.3980		-8.1000
5.3990		-8.1800
5.4030		-8.1900
5.4070		-8.3000
5.4110		-8.3600
5.4150		-8.2000
5.4170		-8.2100
5.4190		-8.3300
5.4220		-8.2100
5.4240		-8.2900
5.4260		-8.2400
5.4280		-8.2800
5.4310		-8.1300
5.4330		-8.1700
5.4350		-7.9000
5.4410		-7.9800
5.4470		-8.3700
5.4520		-7.9900
5.4580		-8.1300
5.4640		-8.5500
5.4670		-8.3400
5.4690		-8.2500
5.4700		-8.1400
5.4720		-8.1000
5.4740		-8.1600
5.4760		-8.1700
5.4790		-8.5800
5.4810		-8.3100
5.4820		-8.3600
5.4830		-8.5100
5.4860		-8.6600
5.4870		-8.1700
5.4900		-8.6400
5.4930		-8.3100
5.4950		-8.6600
5.5010		-8.4800
5.5050		-8.3700
5.5130		-8.4700
5.5190		-8.4900
5.5200		-8.1600
5.5250		-8.3800
5.5310		-8.2300
5.5350		-8.1400
5.5430		-8.4100
5.5490		-8.2100
5.5500		-8.1000
5.5550		-8.1800
5.5610		-8.2300
5.5650		-8.0100
5.5710		-8.0800
5.5770		-8.2700
5.5830		-8.1300
5.5890		-8.3200
5.5950		-8.3000
5.6000		-8.3600
5.6060		-8.2900
5.6120		-8.2400
5.6180		-8.2200
5.6240		-8.0200
5.6300		-8.2600
5.6360		-8.1100
5.6420		-8.2800
5.6480		-8.2600
5.6540		-8.1500
5.6600		-8.1400
5.6650		-8.2500
5.6710		-8.3100
5.6770		-8.4200
5.6830		-8.4200
5.6890		-8.3600
5.6950		-8.3200
5.7010		-8.4400
5.7070		-8.3300
5.7130		-8.3500
5.7190		-8.3000
5.7250		-8.3700
5.7300		-8.4000
5.7360		-8.3000
5.7420		-8.4200
5.7480		-8.2300
5.7540		-8.5100
5.7600		-8.5000
5.7620		-8.4400
5.7630		-8.4500
5.7650		-8.4400
5.7660		-8.3700
5.7680		-8.3400
5.7690		-8.3700
5.7710		-8.4900
5.7720		-8.3800
5.7740		-8.6900
5.7750		-8.7200
5.7800		-8.6900
5.7850		-8.5200
5.7910		-8.6800
5.7960		-8.5800
5.8010		-8.5100
5.8060		-8.6200
5.8120		-8.4900
5.8170		-8.3600
5.8220		-8.4600
5.8270		-8.4100
5.8330		-8.5000
5.8380		-8.5200
5.8430		-8.4300
5.8480		-8.5600
5.8540		-8.4900
5.8590		-8.6000
5.8640		-8.5200
5.8690		-8.5300
5.8750		-8.4900
5.8800		-8.3500
5.8850		-8.1300
5.8900		-8.4100
5.8950		-8.4300
5.9000		-8.4000
5.9050		-8.3100
5.9100		-8.3800
5.9150		-8.4000
5.9200		-8.3900
5.9250		-8.4200
5.9300		-8.4600
5.9350		-8.3600
5.9400		-8.5400
5.9450		-8.4800
5.9500		-8.5300
5.9550		-8.5700
5.9600		-8.5400
5.9650		-8.5500
5.9700		-8.4800
5.9750		-8.4000
5.9800		-8.4200
5.9850		-8.3000
5.9900		-8.4600
5.9950		-8.3200
6.0000		-8.5600
6.0050		-8.6600
6.0120		-8.4400
6.0190		-8.4400
6.0250		-8.4700
6.0320		-8.3100
6.0390		-8.3800
6.0460		-8.4100
6.0530		-8.3400
6.0600		-8.2700
6.0660		-8.1900
6.0730		-8.1900
6.0800		-8.0700
6.0870		-8.1300
6.0940		-8.0300
6.1000		-8.2400
6.1070		-8.4500
6.1140		-8.4600
6.1210		-8.4500
6.1280		-8.3500
6.1350		-8.3100
6.1410		-8.3700
6.1480		-8.2600
6.1550		-7.9400
6.1610		-8.1300
6.1670		-8.1300
6.1730		-8.3400
6.1790		-8.1300
6.1860		-8.2900
6.1920		-8.3400
6.1980		-8.3100
6.2040		-8.3000
6.2060		-8.3400
6.2100		-8.4300
6.2120		-7.8000
6.2160		-7.2400
6.2170		-7.1800
6.2190		-7.4300
6.2220		-8.6500
6.2280		-8.1500
6.2340		-8.0400
6.2410		-8.1200
6.2470		-8.3000
6.2530		-8.1800
6.2590		-8.1400
6.2650		-8.2100
6.2680		-8.0000
6.2700		-8.1500
6.2730		-8.2000
6.2750		-8.3500
6.2780		-8.3000
6.2800		-8.4400
6.2830		-8.5200
6.2850		-8.3500
6.2880		-8.4100
6.2900		-8.4300
6.2930		-8.4200
6.2950		-8.4500
6.2980		-8.4300
6.3000		-8.4900
6.3030		-8.4800
6.3040		-8.4800
6.3050		-8.2500
6.3060		-8.3500
6.3080		-8.3700
6.3090		-8.3800
6.3100		-8.4500
6.3110		-8.4200
6.3130		-8.5500
6.3150		-8.6100
6.3190		-8.5400
6.3240		-8.4400
6.3280		-8.3700
6.3330		-8.3900
6.3370		-8.3500
6.3420		-8.2500
6.3460		-8.3900
6.3510		-8.2800
6.3550		-8.3600
6.3590		-8.2500
6.3640		-8.3000
6.3680		-8.3900
6.3730		-8.2900
6.3770		-8.3900
6.3820		-8.3700
6.3860		-8.2100
6.3910		-8.2700
6.3950		-8.1500
6.3980		-8.3700
6.4010		-8.2400
6.4040		-8.5000
6.4070		-8.4300
6.4100		-8.5400
6.4130		-8.5000
6.4170		-8.5100
6.4200		-8.5400
6.4230		-8.4900
6.4260		-8.4000
6.4290		-8.3600
6.4320		-8.3400
6.4350		-8.3200
6.4380		-8.4500
6.4410		-8.4000
6.4440		-8.4000
6.4470		-8.3300
6.4500		-8.3900
6.4530		-8.4700
6.4570		-8.4400
6.4600		-8.6200
6.4630		-8.6200
6.4660		-8.6000
6.4690		-8.6200
6.4720		-8.5800
6.4750		-8.6000
6.4780		-8.5200
6.4810		-8.5300
6.4840		-8.5200
6.4870		-8.5500
6.4900		-8.4100
6.4930		-8.4300
6.4970		-8.7400
6.5000		-8.6900
6.5030		-8.6400
6.5060		-8.5800
6.5090		-8.5500
6.5120		-8.6800
6.5150		-8.7800
6.5180		-8.6200
6.5210		-8.6200
6.5240		-8.6000
6.5270		-8.6600
6.5300		-8.6400
6.5330		-8.6100
6.5370		-8.6000
6.5400		-8.6400
6.5430		-8.6300
6.5460		-8.6500
6.5490		-8.6000
6.5520		-8.6500
6.5550		-8.3700
6.5580		-8.6000
6.5610		-8.5800
6.5640		-8.5700
6.5670		-8.4100
6.5700		-8.4100
6.5730		-8.6800
6.5770		-8.6000
6.5800		-8.6000
6.5830		-8.5400
6.5860		-8.5600
6.5890		-8.4700
6.5920		-8.6000
6.5950		-8.5900
6.5980		-8.6000
6.6010		-8.6300
6.6040		-8.5100
6.6070		-8.5700
6.6100		-8.6500
6.6130		-8.5900
6.6170		-8.6300
6.6200		-8.6800
6.6230		-8.6100
6.6260		-8.4400
6.6290		-8.4900
6.6320		-8.6000
6.6350		-8.2200
6.6380		-8.4600
6.6410		-8.6600
6.6440		-8.7900
6.6470		-8.7200
6.6500		-8.7000
6.6530		-8.6400
6.6570		-8.7700
6.6600		-8.7400
6.6630		-8.6700
6.6660		-8.6500
6.6690		-8.5100
6.6720		-8.5100
6.6750		-8.3300
6.6780		-8.5600
6.6810		-8.5700
6.6840		-8.7000
6.6870		-8.5300
6.6900		-8.6200
6.6930		-8.5400
6.6970		-8.4300
6.7000		-8.4400
6.7030		-8.5100
6.7060		-8.5200
6.7090		-8.7800
6.7120		-8.4300
6.7150		-8.3400
6.7180		-8.4800
6.7210		-8.4400
6.7250		-8.2600
6.7280		-8.4400
6.7310		-8.2700
6.7340		-8.4000
6.7380		-8.5000
6.7410		-8.4600
6.7440		-8.4100
6.7470		-8.2900
6.7510		-8.2400
6.7540		-8.4200
6.7570		-8.6900
6.7600		-8.6000
6.7620		-8.7400
6.7640		-8.6700
6.7650		-8.7100
6.7670		-8.6500
6.7690		-8.6500
6.7700		-8.7000
6.7720		-8.7400
6.7730		-8.5400
6.7750		-8.4600
6.7780		-8.5300
6.7810		-8.6900
6.7830		-8.7000
6.7860		-8.7000
6.7890		-8.7100
6.7920		-8.7600
6.7950		-8.6200
6.7970		-8.7100
6.8000		-8.5900
6.8030		-8.6800
6.8060		-8.6400
6.8090		-8.8100
6.8110		-8.7800
6.8140		-8.7700
6.8170		-8.6400
6.8200		-8.8800
6.8230		-8.7100
6.8250		-8.8200
6.8280		-8.7000
6.8310		-8.7900
6.8340		-8.6300
6.8370		-8.5500
6.8390		-8.5700
6.8420		-8.5300
6.8450		-8.4400
6.8490		-8.6600
6.8530		-8.5600
6.8570		-8.7400
6.8610		-8.5500
6.8640		-8.5000
6.8680		-8.4400
6.8720		-8.7300
6.8760		-8.6700
6.8800		-8.7600
6.8840		-8.5700
6.8880		-8.7200
6.8920		-8.6200
6.8950		-8.7400
6.8990		-8.5500
6.9030		-8.7900
6.9070		-8.7600
6.9110		-8.8000
6.9150		-8.6600
6.9190		-8.8100
6.9230		-8.7400
6.9260		-8.8700
6.9300		-8.7900
6.9340		-8.8300
6.9380		-8.9700
6.9420		-8.9200
6.9460		-8.9000
6.9500		-8.7700
6.9540		-8.8700
6.9570		-8.9300
6.9610		-8.9100
6.9650		-9.0100
6.9690		-8.9300
6.9730		-8.9400
6.9770		-8.9000
6.9810		-9.0700
6.9850		-9.0200
6.9880		-9.0600
6.9920		-8.9800
6.9960		-9.0500
7.0000		-9.0400
7.0040		-8.9900
7.0080		-9.0000
7.0120		-8.9900
7.0160		-9.0500
7.0190		-9.0000
7.0230		-8.9700
7.0270		-8.9700
7.0310		-9.0700
7.0350		-9.1400
7.0370		-9.0800
7.0400		-9.0900
7.0420		-9.0500
7.0440		-9.0500
7.0470		-8.8800
7.0510		-8.9400
7.0560		-8.9200
7.0600		-8.8900
7.0650		-8.9100
7.0700		-8.7600
7.0740		-8.8000
7.0790		-8.8400
7.0830		-8.8600
7.0880		-8.8300
7.0930		-8.8000
7.0970		-8.8700
7.1020		-8.9600
7.1070		-9.1000
7.1110		-8.9300
7.1160		-8.9700
7.1200		-8.9700
7.1250		-8.8600
7.1300		-8.9700
7.1340		-8.8500
7.1390		-8.7200
7.1430		-8.8800
7.1480		-8.8000
7.1530		-8.7900
7.1570		-8.7300
7.1620		-8.8300
7.1670		-8.8100
7.1710		-8.7600
7.1760		-8.7300
7.1800		-8.6900
7.1850		-8.6600
7.1900		-8.4600
7.1940		-8.5700
7.1990		-8.6000
7.2030		-8.5300
7.2080		-8.2700
7.2130		-8.2000
7.2170		-8.6900
7.2220		-8.4500
7.2270		-8.4600
7.2310		-8.4200
7.2360		-8.3700
7.2400		-8.3600
7.2450		-8.3600
7.2500		-8.5400
7.2560		-8.4900
7.2610		-8.5200
7.2660		-8.6100
7.2720		-8.6700
7.2770		-8.7000
7.2820		-8.6500
7.2880		-8.6700
7.2930		-8.5400
7.2980		-8.3100
7.3040		-8.4800
7.3090		-8.6000
7.3140		-8.6900
7.3200		-8.6700
7.3250		-8.6800
7.3300		-8.7700
7.3360		-8.7300
7.3410		-8.5500
7.3460		-8.4700
7.3520		-8.8300
7.3570		-8.8300
7.3620		-8.7400
7.3680		-8.8500
7.3730		-8.6800
7.3780		-8.8100
7.3840		-8.6800
7.3890		-8.7700
7.3940		-8.7100
7.4000		-8.7100
7.4050		-8.4700
7.4100		-8.5800
7.4160		-8.7400
7.4210		-8.6000
7.4270		-8.6500
7.4320		-8.8500
7.4370		-8.5100
7.4430		-8.7100
7.4480		-8.7100
7.4530		-8.6900
7.4590		-8.6000
7.4640		-8.5700
7.4700		-8.6100
7.4750		-8.6300
7.4800		-8.7000
7.4860		-8.5700
7.4910		-8.6500
7.4970		-8.6100
7.5020		-8.6800
7.5070		-8.7300
7.5130		-8.6800
7.5180		-8.7700
7.5230		-8.9600
7.5290		-9.0900
7.5340		-8.8500
7.5400		-8.6900
7.5450		-8.5400
7.5520		-8.6500
7.5600		-8.9100
7.5670		-8.9100
7.5750		-8.9000
7.5820		-8.8800
7.5900		-8.8800
7.5970		-8.8400
7.6050		-8.9500
7.6120		-8.9000
7.6200		-8.7200
7.6270		-8.7300
7.6350		-8.5100
7.6420		-8.5600
7.6500		-8.3800
7.6570		-8.3300
7.6650		-8.2400
7.6720		-8.5500
7.6800		-8.5000
7.6870		-8.6400
7.6940		-8.6100
7.7020		-8.6400
7.7090		-8.7600
7.7170		-8.6700
7.7240		-8.8300
7.7320		-8.8200
7.7390		-8.8500
7.7470		-8.8500
7.7540		-8.8400
7.7620		-8.8400
7.7690		-8.7300
7.7770		-8.6900
7.7840		-8.7100
7.7920		-8.7800
7.7990		-8.7600
7.8070		-8.6800
7.8140		-8.7800
7.8220		-8.7000
7.8290		-8.7200
7.8370		-8.7300
7.8440		-8.8200
7.8510		-8.9000
7.8590		-8.8500
7.8660		-8.9500
7.8740		-8.8600
7.8810		-8.8500
7.8890		-8.9300
7.8930		-8.6900
7.8960		-8.7300
7.9000		-8.6300
7.9040		-8.7100
7.9080		-8.7100
7.9110		-8.6200
7.9150		-8.5700
7.9210		-8.6500
7.9270		-8.5900
7.9330		-8.7400
7.9400		-8.7200
7.9460		-8.8500
7.9520		-8.7300
7.9580		-8.7800
7.9640		-8.6000
7.9700		-8.5800
7.9760		-8.6400
7.9820		-8.7900
7.9890		-8.6400
7.9950		-8.7200
8.0010		-8.6500
8.0070		-8.8100
8.0130		-8.7800
8.0190		-8.7800
8.0250		-8.7100
8.0310		-8.8400
8.0380		-8.7300
8.0440		-8.7000
8.0500		-8.6400
8.0560		-8.8100
8.0620		-8.6500
8.0680		-8.7800
8.0740		-8.6200
8.0800		-8.6200
8.0870		-8.5700
8.0930		-8.3700
8.0990		-7.9400
8.1050		-7.9600
8.1070		-7.9700
8.1090		-8.1000
8.1120		-8.2100
8.1140		-8.2800
8.1160		-8.2700
8.1180		-8.4000
8.1210		-8.5300
8.1230		-8.4100
8.1250		-8.3900
8.1270		-8.2500
8.1290		-8.4300
8.1320		-8.5000
8.1340		-8.4900
8.1360		-8.3700
8.1380		-8.5700
8.1410		-8.4900
8.1430		-8.4100
8.1450		-8.3400
8.1500		-8.5100
8.1560		-8.3500
8.1610		-8.4700
8.1660		-8.4800
8.1720		-8.5500
8.1770		-8.5000
8.1820		-8.5700
8.1880		-8.3700
8.1930		-8.7800
8.1980		-8.3300
8.2040		-8.6600
8.2090		-8.4200
8.2140		-8.6600
8.2200		-8.5600
8.2250		-8.6900
8.2290		-8.3400
8.2330		-8.4800
8.2380		-8.2600
8.2420		-8.6400
8.2460		-8.4800
8.2500		-8.4900
8.2540		-8.1900
8.2580		-8.3800
8.2630		-8.2200
8.2670		-8.2700
8.2710		-8.2700
8.2750		-8.1300
8.2800		-8.2700
8.2840		-8.1400
8.2890		-8.2800
8.2930		-8.4800
8.2980		-8.1600
8.3020		-8.2400
8.3070		-8.2400
8.3110		-8.2000
8.3160		-8.3900
8.3200		-8.2600
8.3250		-8.1900
8.3290		-8.4500
8.3320		-8.3500
8.3360		-8.3500
8.3390		-8.2700
8.3430		-8.3000
8.3460		-8.4800
8.3500		-8.4100
8.3530		-8.4300
8.3570		-8.4800
8.3600		-8.6100
8.3640		-8.4500
8.3670		-8.5300
8.3720		-8.4600
8.3740		-8.4800
8.3790		-8.5100
8.3810		-8.5200
8.3860		-8.6400
8.3930		-8.6700
8.4000		-8.6300
8.4070		-8.7500
8.4140		-8.7800
8.4210		-8.7700
8.4280		-8.7800
8.4350		-8.8000
8.4380		-8.8800
8.4420		-8.9900
8.4450		-8.8800
8.4480		-8.9800
8.4510		-8.8800
8.4550		-8.8200
8.4580		-8.8300
8.4610		-8.5400
8.4640		-8.5800
8.4680		-8.6900
8.4710		-8.6600
8.4740		-8.6700
8.4770		-8.4600
8.4810		-8.5600
8.4840		-8.7200
8.4870		-8.8300
8.4900		-8.8800
8.4940		-8.7800
8.4970		-8.8300
8.5000		-8.8300
8.5030		-8.7900
8.5070		-8.7400
8.5100		-8.8000
8.5130		-8.6900
8.5170		-8.5400
8.5200		-8.6800
8.5230		-8.6500
8.5260		-8.6200
8.5300		-8.6000
8.5330		-8.7100
8.5360		-8.7300
8.5390		-8.6800
8.5430		-8.8700
8.5460		-8.8000
8.5490		-8.8200
8.5520		-8.8300
8.5560		-8.7100
8.5590		-8.6900
8.5620		-8.8100
8.5650		-8.8300
8.5690		-8.6700
8.5720		-8.8000
8.5750		-8.7700
8.5780		-8.7800
8.5820		-8.7100
8.5850		-8.6500
8.5910		-8.8700
8.5970		-9.0100
8.6030		-8.9700
8.6100		-9.0000
8.6160		-9.0100
8.6220		-8.8500
8.6280		-8.8100
8.6340		-8.6000
8.6400		-8.7200
8.6470		-8.6900
8.6530		-8.8100
8.6590		-8.6000
8.6650		-8.9500
8.6670		-8.8000
8.6690		-8.9000
8.6710		-8.7500
8.6730		-8.8000
8.6750		-8.8000
8.6770		-8.7900
8.6790		-8.8400
8.6820		-8.7200
8.6840		-8.7800
8.6860		-8.6500
8.6880		-8.8400
8.6900		-8.7300
8.6920		-8.7700
8.6940		-8.6500
8.6960		-8.7400
8.6980		-8.6000
8.7000		-8.6500
8.7020		-8.4600
8.7040		-8.6200
8.7060		-8.6900
8.7080		-8.6300
8.7110		-8.5900
8.7130		-8.6300
8.7150		-8.5800
8.7170		-8.3300
8.7190		-8.8400
8.7210		-8.7900
8.7230		-8.8000
8.7250		-8.8700
8.7270		-8.7900
8.7290		-8.8100
8.7320		-8.8400
8.7340		-8.7200
8.7360		-8.6700
8.7380		-8.7600
8.7410		-8.7600
8.7430		-8.7200
8.7450		-8.6900
8.7470		-8.7100
8.7490		-8.7800
8.7520		-8.7900
8.7540		-8.7100
8.7560		-8.5900
8.7580		-8.8100
8.7610		-8.7400
8.7630		-8.8500
8.7650		-8.6100
8.7680		-8.6700
8.7710		-8.7200
8.7740		-8.7400
8.7760		-8.7000
8.7790		-8.8600
8.7820		-8.9600
8.7850		-9.0100
8.7880		-8.9100
8.7910		-9.0200
8.7940		-8.9000
8.7960		-9.0100
8.7990		-8.8300
8.8020		-8.9700
8.8050		-9.0200
8.8080		-8.9200
8.8110		-8.9400
8.8140		-8.9200
8.8160		-8.9700
8.8190		-8.9300
8.8220		-8.9800
8.8250		-8.9900
8.8260		-8.9200
8.8270		-8.8600
8.8280		-8.7500
8.8290		-8.7100
8.8300		-8.7500
8.8310		-8.6600
8.8320		-8.6000
8.8330		-8.5400
8.8340		-8.4700
8.8350		-8.4700
8.8390		-8.5800
8.8430		-8.6300
8.8470		-8.6800
8.8510		-8.6500
8.8550		-8.6900
8.8600		-8.5700
8.8640		-8.6500
8.8680		-8.4600
8.8720		-8.7900
8.8760		-8.6300
8.8800		-8.5000
