%File Creation:  2010-07-14 12:46:36
%File Content: 
%   Please refer to the species-specific README file in the
%   appropriate directory folder at ftp://ftp.cmdl.noaa.gov/ccg.
%Contact: 
%   Compound: CO2 (In Situ)
%   Pieter Tans
%   tel: (303) 497-6678
%   email: Pieter.Tans@noaa.gov
 
% site year month value(ppm) stddev #days_averaged
1975  1   330.68  0.49 31
1975  2   331.41  0.41 28
1975  3   331.85  0.24 26
1975  4   333.29  0.47 30
1975  5   333.91  0.35 30
1975  6   333.40  0.43 29
1975  7   331.78  0.80 27
1975  8   329.88  0.95 31
1975  9   328.57  0.70 30
1975 10   328.46  0.34 17
1975 11   329.26  0.43 25
1975 12   329.68 -9.99  1
1976  1   331.71  0.40 25
1976  2   332.76  0.51 29
1976  3   333.48  0.95 29
1976  4   334.78  0.44 25
1976  5   334.78  0.59 31
1976  6   334.17  0.38 25
1976  7   332.78  0.63 21
1976  8   330.64  0.83 31
1976  9   328.95  0.88 28
1976 10   328.77  0.55 30
1976 11   330.23  0.42 26
1976 12   331.69  0.62 24
1977  1   332.70  0.43 29
1977  2   333.24  0.32 26
1977  3   334.96  0.54 29
1977  4   336.04  0.33 29
1977  5   336.82  0.22 30
1977  6   336.13  0.31 25
1977  7   334.73  0.55 28
1977  8   332.52  0.56 30
1977  9   331.19  0.48 27
1977 10   331.19  0.36 30
1977 11   332.35  0.38 28
1977 12   333.47  0.47 31
1978  1   335.11  0.71 26
1978  2   335.26  0.46 28
1978  3   336.60  0.71 30
1978  4   337.77  0.37 28
1978  5   338.00  0.38 30
1978  6   337.99  0.42 27
1978  7   336.48  0.66 31
1978  8   334.37  0.64 31
1978  9   332.27  0.78 24
1978 10   332.41  0.51 31
1978 11   333.76  0.33 28
1978 12   334.83  0.38 31
1979  1   336.21  0.84 31
1979  2   336.64  0.29 27
1979  3   338.12  0.94 29
1979  4   339.02  0.49 24
1979  5   339.02  0.64 20
1979  6   339.20  0.47 30
1979  7   337.58  0.80 29
1979  8   335.55  1.02 29
1979  9   333.89  0.65 26
1979 10   334.14  0.28 28
1979 11   335.26  0.54 30
1979 12   336.71  0.40 24
1980  1   337.81  0.44 30
1980  2   338.29  0.43 28
1980  3   340.04  0.65 31
1980  4   340.86  0.30 30
1980  5   341.47  0.38 31
1980  6   341.26  0.54 30
1980  7   339.29  0.73 26
1980  8   337.60  0.74 24
1980  9   336.12  0.68 26
1980 10   336.08  0.39 29
1980 11   337.22  0.34 27
1980 12   338.34  0.38 27
1981  1   339.36  0.43 31
1981  2   340.51  0.76 28
1981  3   341.57  0.73 31
1981  4   342.56  0.28 30
1981  5   343.01  0.14 31
1981  6   342.47  0.40 28
1981  7   340.71  0.60 30
1981  8   338.52  0.77 30
1981  9   336.96  0.66 30
1981 10   337.13  0.59 31
1981 11   338.58  0.70 30
1981 12   339.89  0.37 28
1982  1   340.93  0.47 30
1982  2   341.69  0.46 27
1982  3   342.69  0.35 21
1982  4   343.79  0.65  9
1982  5   344.30  0.34 31
1982  6   343.43  0.34 29
1982  7   341.88  0.65 30
1982  8   339.89  0.84 26
1982  9   337.95  0.88 26
1982 10   338.10  0.73 30
1982 11   339.27  0.66 28
1982 12   340.67  0.56 31
1983  1   341.42  0.41 31
1983  2   342.68  0.43 27
1983  3   343.46  1.21 31
1983  4   345.10  0.55 26
1983  5   345.76  0.39 29
1983  6   345.36  0.52 25
1983  7   343.91  0.89 30
1983  8   342.05  0.75 28
1983  9   340.00  0.44 27
1983 10   340.12  0.34 31
1983 11   341.33  0.44 29
1983 12   342.94  0.58 26
1984  1   343.87  0.34 31
1984  2   344.60  0.26 29
1984  3   345.20  0.39 23
1984  4   347.09  0.12  2
1984  5   347.36  0.44 27
1984  6   346.74  0.40 25
1984  7   345.41  0.64 29
1984  8   343.01  0.90 24
1984  9   341.23  0.78 29
1984 10   341.52  0.35 27
1984 11   342.86  0.59 28
1984 12   344.41  0.40 27
1985  1   345.09  0.28 29
1985  2   345.89  0.41 26
1985  3   347.49  0.56 28
1985  4   348.00  0.50 27
1985  5   348.75  0.53 31
1985  6   348.19  0.59 30
1985  7   346.54  0.65 28
1985  8   344.63  0.64 27
1985  9   343.03  0.87 27
1985 10   342.92  0.52 27
1985 11   344.24  0.64 29
1985 12   345.62  0.63 29
1986  1   346.43  0.26 26
1986  2   346.94  0.45 26
1986  3   347.88  1.05 31
1986  4   349.57  0.54 30
1986  5   350.35  0.27 30
1986  6   349.72  0.44 24
1986  7   347.78  0.71 31
1986  8   345.86  0.51 30
1986  9   344.84  0.63 25
1986 10   344.32  0.41 30
1986 11   345.67  0.40 30
1986 12   346.88  0.29 30
1987  1   348.19  0.52 30
1987  2   348.55  0.52 28
1987  3   349.52  0.63 27
1987  4   351.12  0.57 30
1987  5   351.84  0.38 31
1987  6   351.49  0.38 28
1987  7   349.82  0.57 28
1987  8   347.63  1.18 26
1987  9   346.38  0.62 29
1987 10   346.49  0.45 30
1987 11   347.75  0.62 27
1987 12   349.03  0.40 30
1988  1   350.20  0.33 29
1988  2   351.61  0.60 27
1988  3   352.22  0.71 31
1988  4   353.53  0.62 30
1988  5   354.14  0.35 31
1988  6   353.62  0.43 29
1988  7   352.53  0.55 31
1988  8   350.41  0.78 30
1988  9   348.84  0.41 30
1988 10   348.94  0.40 31
1988 11   350.04  0.34 27
1988 12   351.29  0.64 30
1989  1   352.72  0.47 31
1989  2   353.10  0.43 28
1989  3   353.65  0.66 30
1989  4   355.43  0.76 30
1989  5   355.70  0.37 31
1989  6   355.11  0.45 30
1989  7   353.79  0.72 31
1989  8   351.42  1.23 29
1989  9   349.81  0.77 28
1989 10   350.11  0.37 30
1989 11   351.26  0.43 30
1989 12   352.63  0.47 28
1990  1   353.64  0.35 30
1990  2   354.72  0.52 28
1990  3   355.49  0.48 31
1990  4   356.09  0.49 29
1990  5   357.08  0.27 30
1990  6   356.11  0.60 30
1990  7   354.70  0.84 29
1990  8   352.68  0.89 30
1990  9   351.05  0.36 27
1990 10   351.36  0.37 31
1990 11   352.81  0.51 29
1990 12   354.22  0.59 30
1991  1   354.85  0.60 29
1991  2   355.66  0.54 28
1991  3   357.04  0.72 27
1991  4   358.40  0.71 30
1991  5   359.00  0.44 31
1991  6   357.99  0.32 30
1991  7   356.00  0.89 29
1991  8   353.78  0.89 31
1991  9   352.20  0.59 30
1991 10   352.22  0.40 31
1991 11   353.70  0.28 30
1991 12   354.98  0.53 31
1992  1   356.09  0.43 30
1992  2   356.85  0.52 29
1992  3   357.73  0.87 29
1992  4   358.91  0.64 30
1992  5   359.45  0.73 31
1992  6   359.19  0.75 30
1992  7   356.72  1.26 30
1992  8   354.79  0.63 30
1992  9   352.79  0.83 29
1992 10   353.20  0.47 30
1992 11   354.15  0.41 30
1992 12   355.39  0.57 31
1993  1   356.77  0.39 28
1993  2   357.17  0.53 28
1993  3   358.26  0.55 31
1993  4   359.16  0.57 30
1993  5   360.07  0.60 31
1993  6   359.41  0.39 30
1993  7   357.44  0.89 27
1993  8   355.30  0.88 27
1993  9   353.87  0.49 23
1993 10   354.04  0.37 30
1993 11   355.27  0.60 30
1993 12   356.70  0.52 31
1994  1   358.00  0.32 27
1994  2   358.81  0.57 27
1994  3   359.68  0.98 30
1994  4   361.13  0.54 30
1994  5   361.48  0.33 30
1994  6   360.60  0.32 30
1994  7   359.20  0.54 31
1994  8   357.23  0.86 31
1994  9   355.42  0.55 30
1994 10   355.89  0.44 31
1994 11   357.41  0.64 30
1994 12   358.74  0.48 31
1995  1   359.73  0.31 31
1995  2   360.61  0.50 28
1995  3   361.58  0.75 30
1995  4   363.05  0.53 30
1995  5   363.62  0.50 29
1995  6   363.03  0.62 30
1995  7   361.55  0.65 31
1995  8   358.94  1.00 31
1995  9   357.93  0.69 30
1995 10   357.80  0.38 31
1995 11   359.22  0.39 30
1995 12   360.44  0.57 30
1996  1   361.83  0.27 31
1996  2   362.95  0.60 29
1996  3   363.91  0.65 31
1996  4   364.28  0.39 29
1996  5   364.94  0.52 31
1996  6   364.70  0.38 30
1996  7   363.31  0.61 31
1996  8   361.15  0.59 30
1996  9   359.40  0.75 26
1996 10   359.34  0.29 31
1996 11   360.62  0.52 30
1996 12   361.96  0.45 31
1997  1   362.81  0.33 31
1997  2   363.87  0.67 28
1997  3   364.25  0.66 31
1997  4   366.02  0.44 29
1997  5   366.46  0.34 30
1997  6   365.32  0.41 28
1997  7   364.07  0.55 26
1997  8   361.95  0.94 26
1997  9   360.06  0.74 29
1997 10   360.49  0.46 31
1997 11   362.19  0.54 29
1997 12   364.12  0.53 31
1998  1   364.99  0.29 30
1998  2   365.82  0.70 27
1998  3   366.95  0.79 31
1998  4   368.42  0.54 30
1998  5   369.33  0.65 30
1998  6   368.78  0.41 30
1998  7   367.59  0.29 31
1998  8   365.84  0.71 30
1998  9   363.83  0.51 29
1998 10   364.18  0.25 31
1998 11   365.34  0.44 23
1998 12   366.93  0.48 27
1999  1   367.94  0.57 27
1999  2   368.82  0.45 23
1999  3   369.46  1.14 26
1999  4   370.77  0.68 30
1999  5   370.66  0.61 29
1999  6   370.10  0.49 30
1999  7   369.08  0.98 30
1999  8   366.66  0.64 30
1999  9   364.60  0.61 29
1999 10   365.17  0.38 31
1999 11   366.51  0.49 29
1999 12   367.89  0.43 29
2000  1   369.04  0.61 27
2000  2   369.35  0.37 23
2000  3   370.38  0.52 31
2000  4   371.63  0.48 29
2000  5   371.32  0.50 29
2000  6   371.53  0.29 29
2000  7   369.75  0.47 28
2000  8   368.23  0.59 28
2000  9   366.87  0.44 30
2000 10   366.94  0.46 31
2000 11   368.27  0.29 25
2000 12   369.64  0.30 30
2001  1   370.46  0.60 29
2001  2   371.44  0.46 28
2001  3   372.37  0.36 30
2001  4   373.33  0.63 30
2001  5   373.77  0.32 25
2001  6   373.09  0.34 28
2001  7   371.51  0.66 30
2001  8   369.55  0.48 30
2001  9   368.12  0.50 30
2001 10   368.38  0.46 31
2001 11   369.66  0.56 27
2001 12   371.11  0.40 31
2002  1   372.36  0.41 29
2002  2   373.09  0.74 27
2002  3   373.81  0.47 27
2002  4   374.93  0.69 30
2002  5   375.58  0.54 31
2002  6   375.44  0.48 30
2002  7   373.86  0.80 29
2002  8   371.77  1.04 31
2002  9   370.73  0.73 28
2002 10   370.50  0.67 31
2002 11   372.18  0.53 30
2002 12   373.70  0.64 30
2003  1   374.92  0.54 31
2003  2   375.62  0.68 27
2003  3   376.51  0.68 31
2003  4   377.75  0.74 27
2003  5   378.54  0.79 31
2003  6   378.20  0.38 29
2003  7   376.68  0.72 30
2003  8   374.43  0.84 26
2003  9   373.11  0.35 27
2003 10   373.10  0.37 31
2003 11   374.77  0.63 26
2003 12   375.97  0.48 30
2004  1   377.03  0.69 31
2004  2   377.87  0.66 29
2004  3   378.88  0.84 30
2004  4   380.42  0.65 30
2004  5   380.62  0.58 28
2004  6   379.70  0.46 26
2004  7   377.43  0.95 28
2004  8   376.32  0.53 20
2004  9   374.19  0.57 17
2004 10   374.47  0.43 31
2004 11   376.15  0.83 30
2004 12   377.51  0.35 31
2005  1   378.43  0.39 31
2005  2   379.70  0.60 28
2005  3   380.92  1.01 30
2005  4   382.18  0.44 29
2005  5   382.45  0.61 31
2005  6   382.14  0.48 30
2005  7   380.60  0.56 31
2005  8   378.64  0.83 30
2005  9   376.73  0.63 29
2005 10   376.84  0.37 15
2005 11   378.29  0.55 25
2005 12   380.06  0.48 30
2006  1   381.40  0.30 26
2006  2   382.20  0.45 25
2006  3   382.66  0.39 30
2006  4   384.69  0.41 27
2006  5   384.94  0.54 31
2006  6   384.01  0.50 30
2006  7   382.14  0.94 29
2006  8   380.31  0.74 28
2006  9   378.81  0.38 30
2006 10   379.03  0.50 26
2006 11   380.17  0.75 30
2006 12   381.85  0.53 31
2007  1   382.89  0.99 23
2007  2   383.74  0.69 21
2007  3   384.38  0.70 29
2007  4   386.36  0.80 27
2007  5   386.53  0.51 30
2007  6   386.01  0.75 30
2007  7   384.45  0.74 31
2007  8   381.92  0.67 30
2007  9   380.82  0.45 26
2007 10   381.09  0.34 30
2007 11   382.37  0.47 30
2007 12   383.89  0.36 28
2008  1   385.43  0.83 30
2008  2   385.72  0.53 28
2008  3   385.94  0.67 30
2008  4   387.18  0.99 28
2008  5   388.50  0.68 26
2008  6   388.01  0.52 24
2008  7   385.69  0.59 10
2008  8   384.19  0.80 26
2008  9   383.07  0.40 30
2008 10   382.91  0.30 24
2008 11   384.13  0.32 29
2008 12   385.52  0.44 30
2009  1   386.92  0.50 31
2009  2   387.41  0.62 28
2009  3   388.76  0.48 30
2009  4   389.45  0.64 28
2009  5   390.18  0.45 31
2009  6   389.45  0.79 29
2009  7   387.74  0.76 31
2009  8   385.93  0.84 30
2009  9   384.76  0.52 27
2009 10   384.38  0.57 31
2009 11   385.99  0.55 30
2009 12   387.22  0.62 21
